conversion_utilities/recharge_inches_per_year_baseline_rainfall.asc
ncols 887
nrows 689
xllcorner 574000
yllcorner 2350025
cellsize 75
NODATA_value -9999 
[rows 555 to 591 of 689, columns 252 to 335 of 887]
9.064 9.064 9.064 8.955 9.037 9.309 8.264 8.235 8.235 8.491 9.844 9.844 9.844 9.848 9.848 9.848 9.979 9.133 10.4 10.313 10.31 10.31 9.762 9.762 9.762 8.912 8.912 8.912 8.707 8.707 8.707 8.707 8.436 8.436 8.436 8.658 8.393 8.354 8.424 8.424 7.711 7.481 7.481 7.481 7.573 8.027 8.027 7.339 7.347 7.347 7.272 7.272 7.272 7.316 7.261 7.261 7.042 7.042 7.042 7.042 6.906 6.906 6.906 6.924 6.957 6.957 6.951 6.951 6.951 6.912 6.912 6.912 6.92 6.92 6.92 6.815 6.832 6.832 6.804 6.804 6.804 6.935 6.935 6.935
8.796 8.796 8.901 8.901 8.948 8.688 7.982 7.967 8.215 8.215 9.029 9.59 9.59 9.459 8.19 8.19 9.468 8.661 9.87 8.669 9.476 9.476 9.418 9.418 9.418 9.278 8.484 8.484 8.082 8.544 8.544 8.544 8.241 8.01 8.01 8.148 7.869 8.355 7.958 8.204 8.204 7.352 7.352 7.352 7.271 7.271 7.708 7.368 7.368 7.376 7.179 7.179 7.179 7.261 7.261 7.261 7.069 7.042 7.042 7.042 6.906 6.906 6.906 6.924 6.924 6.924 6.951 6.951 6.951 6.912 6.912 6.912 6.92 6.92 6.92 6.832 6.832 6.832 6.804 6.804 6.804 6.935 6.935 6.935
8.794 8.796 8.796 8.901 9.503 8.948 8.948 8.215 8.215 8.215 9.029 9.029 8.306 8.19 8.19 8.19 8.196 8.661 8.661 9.479 9.476 9.476 9.418 9.418 9.418 9.278 8.484 8.484 8.551 8.544 8.544 8.544 8.241 8.01 8.01 8.148 7.869 8.355 7.995 8.272 8.204 7.352 7.352 7.352 7.271 7.271 7.271 7.812 7.368 7.376 7.179 7.179 7.179 7.261 7.261 7.261 7.069 7.042 7.042 7.042 6.906 6.906 6.906 6.924 6.924 6.924 6.918 6.918 6.918 6.879 6.912 6.912 6.938 6.938 6.938 6.832 6.832 6.832 6.804 6.804 6.804 6.935 6.935 6.935
8.756 8.796 8.796 9.345 8.842 8.948 8.948 8.931 8.931 8.931 9.029 9.029 8.306 8.19 8.19 8.19 8.196 8.661 8.661 9.479 9.479 9.476 9.418 9.418 9.418 9.278 9.278 8.484 8.484 8.082 8.544 8.544 8.241 8.01 8.01 8.148 7.869 8.355 8.272 8.272 8.272 7.352 7.352 7.352 7.271 7.271 7.271 7.368 7.368 7.368 7.179 7.179 7.179 7.261 7.261 7.261 7.261 7.042 7.042 7.042 6.906 7.551 6.906 6.924 6.924 6.924 6.918 6.918 6.918 6.879 6.879 6.929 6.938 6.938 6.938 6.832 6.832 6.832 6.804 6.804 6.804 6.935 6.935 6.935
8.436 8.48 9.013 8.48 8.532 8.532 8.634 8.658 8.658 8.658 7.931 7.931 7.931 7.933 7.933 7.933 8.35 8.35 8.35 8.298 9.078 9.078 9.112 9.112 9.112 8.986 8.986 8.213 8.213 7.66 8.104 8.104 8.426 7.737 7.737 7.91 7.91 8.109 8.1 8.1 8.1 7.991 7.307 7.307 7.293 7.293 7.293 7.241 7.241 7.241 7.189 7.197 7.197 7.155 7.155 7.155 7.155 7.104 7.155 7.155 7.123 7.796 7.123 6.876 6.876 6.876 6.807 6.807 6.807 6.875 6.875 6.875 6.861 6.861 6.861 6.799 6.799 6.799 6.805 6.805 6.805 6.768 6.768 6.768
8.436 8.48 8.48 8.48 8.532 8.532 8.532 7.861 7.959 7.959 7.931 7.931 7.931 7.933 7.933 8.632 8.595 8.35 8.35 8.298 8.298 8.298 9.112 9.112 9.112 8.986 8.455 8.455 8.455 7.66 8.344 8.344 8.426 7.737 7.737 7.91 7.91 8.109 8.07 8.1 8.1 7.991 7.991 7.307 7.293 7.293 7.293 7.241 7.241 7.241 7.189 7.189 7.197 7.155 7.155 7.155 7.155 7.155 7.155 7.155 7.123 7.796 7.796 6.876 6.876 6.876 6.807 6.807 6.807 6.875 6.875 6.875 6.861 6.861 6.861 6.799 6.799 6.799 6.805 6.805 6.805 6.768 6.768 6.768
8.436 8.48 8.48 8.48 8.532 7.839 7.839 7.861 7.861 7.959 7.931 7.931 7.931 7.933 7.933 7.933 8.595 8.35 8.35 8.298 8.298 8.298 9.112 9.112 9.112 8.986 8.455 8.455 8.455 8.344 8.344 8.344 8.426 8.426 7.737 7.693 7.91 8.411 8.1 8.1 8.1 7.991 7.991 7.307 7.293 7.293 7.293 7.241 7.241 7.241 7.189 7.189 7.189 7.147 7.206 7.206 7.206 7.155 7.155 7.155 7.796 7.796 7.796 7.525 7.525 7.525 6.807 6.807 6.807 6.875 6.875 6.875 6.861 6.861 6.861 6.799 6.799 6.799 6.805 6.805 6.805 6.768 6.768 7.418
8.299 8.326 8.326 8.326 7.845 7.845 7.63 7.624 7.624 7.719 7.718 7.718 7.718 7.72 7.72 7.72 8.371 8.371 8.371 8.045 8.045 8.042 8.926 8.926 8.926 8.895 8.366 8.366 8.366 8.363 8.363 8.363 8.3 7.614 7.614 7.531 8.239 8.239 7.834 7.834 7.834 7.747 7.747 7.082 7.177 7.177 7.177 7.083 7.083 7.083 7.079 7.75 7.75 6.893 6.893 7.607 7.607 7.067 7.067 7.067 7.712 7.652 7.652 7.636 7.026 7.026 6.943 6.943 6.943 6.817 6.817 6.817 6.779 6.779 6.779 6.754 6.754 6.754 6.771 6.771 6.771 6.727 6.727 7.376
8.299 8.326 7.645 7.645 7.63 7.63 7.63 7.624 8.402 8.402 7.718 7.718 7.718 7.72 7.72 7.72 8.368 8.13 8.127 8.803 8.803 8.803 8.396 8.396 8.396 8.366 8.366 8.366 8.366 8.363 8.363 8.363 7.614 7.614 7.614 7.531 8.239 7.56 7.434 7.834 7.834 7.812 7.082 7.082 7.177 7.177 7.177 7.083 7.083 7.083 7.079 7.079 7.079 6.893 7.546 7.546 7.546 7.677 7.677 7.677 7.652 7.652 7.652 7.636 6.969 7.044 6.943 6.943 6.943 6.817 6.817 6.817 6.779 6.779 6.779 6.754 6.754 6.754 6.771 6.771 6.771 6.727 6.727 7.376
8.299 8.326 8.326 8.326 7.63 7.63 8.312 8.302 8.402 8.402 7.718 7.718 7.718 7.72 7.717 7.717 8.368 8.368 8.368 8.281 8.281 8.281 8.396 8.396 7.708 7.68 7.68 8.366 8.366 8.363 7.674 7.674 7.614 7.614 7.614 7.531 7.531 7.56 7.434 7.166 7.166 7.144 7.082 7.082 7.177 7.177 7.177 7.083 7.083 7.75 7.75 7.079 7.079 7.546 7.546 7.546 7.546 7.677 7.677 7.677 7.652 7.652 7.652 7.636 7.636 7.715 6.96 6.943 6.943 6.817 6.817 6.817 6.779 6.779 6.779 6.754 6.754 7.4 7.424 7.424 7.424 6.727 6.727 7.376
8.299 8.326 8.326 8.326 8.312 8.312 8.312 7.719 7.719 7.719 7.718 7.718 7.718 7.717 7.717 7.717 8.368 8.368 8.368 8.281 7.602 7.602 7.708 7.708 7.708 7.68 7.68 7.68 7.68 7.674 7.674 7.674 7.614 7.614 7.614 7.531 7.531 7.56 7.434 7.434 7.166 7.144 7.082 7.082 7.177 7.177 7.177 7.07 7.033 7.033 7.479 7.479 7.479 11.133 7.454 7.454 7.454 7.601 7.601 7.601 7.572 7.572 7.572 7.555 7.555 7.633 7.611 7.592 7.592 7.377 7.377 7.377 7.359 7.359 7.359 7.373 7.373 7.373 7.389 7.389 7.389 7.491 7.491 7.491
8.279 8.162 8.162 8.162 8.127 8.127 8.225 8.233 7.56 7.56 7.566 7.566 7.566 7.535 7.535 7.535 7.544 8.223 8.223 7.482 7.482 7.482 7.442 7.442 8.114 8.197 7.519 7.519 7.519 7.393 7.393 7.393 7.371 7.371 7.371 7.303 7.303 7.331 7.319 7.319 7.053 7.051 6.99 6.99 6.941 6.941 6.941 7.033 7.033 7.033 7.479 11.159 7.479 11.133 11.133 7.454 7.454 7.601 7.601 7.601 7.572 7.572 7.572 7.555 7.555 7.633 7.611 7.592 7.592 7.377 7.377 7.377 7.359 7.359 7.359 7.373 7.373 7.373 7.389 7.389 7.389 7.491 7.491 7.491
12.068 8.268 8.268 8.268 8.233 8.225 8.225 8.233 7.56 7.56 7.566 7.566 7.564 7.535 7.535 7.535 7.544 7.544 7.544 7.482 7.482 7.482 7.442 7.442 7.442 8.197 8.197 8.197 7.519 7.393 7.393 7.393 7.371 7.371 7.371 7.303 7.303 7.331 7.319 7.319 7.053 7.051 7.051 6.99 6.941 6.941 6.941 7.033 7.033 7.702 7.479 11.159 7.479 7.454 7.454 7.454 7.454 7.601 7.601 7.601 7.572 7.572 7.572 7.555 7.555 7.633 7.611 7.611 7.592 7.377 7.377 7.377 7.359 7.359 7.359 7.373 7.373 7.373 7.389 7.389 7.389 7.491 7.491 7.491
12.068 8.268 8.268 8.268 8.233 8.225 8.225 8.233 7.56 7.56 7.566 7.564 7.564 7.535 7.535 7.535 7.544 7.544 7.544 7.482 7.482 7.482 8.114 8.114 8.114 8.197 8.197 8.197 7.519 7.393 7.393 7.393 7.371 7.371 7.371 7.303 7.303 7.331 7.319 7.319 7.319 7.051 7.051 6.99 6.941 6.941 6.941 7.033 7.033 7.702 7.479 7.479 7.479 7.454 7.454 7.454 7.454 7.601 7.601 7.601 7.572 7.572 7.572 7.555 7.555 7.633 7.611 7.611 7.592 7.377 7.377 7.377 7.377 7.359 7.359 7.373 7.373 7.373 7.389 7.389 7.389 7.491 7.491 7.491
11.811 11.824 11.824 8.099 8.11 8.11 8.11 8.075 7.411 7.411 7.399 7.399 7.399 7.394 7.394 7.394 7.354 7.354 7.354 7.344 8.007 8.007 7.945 7.945 7.945 8.102 8.102 8.102 8.102 7.262 7.262 7.262 7.985 7.318 7.318 7.246 7.246 7.274 7.257 7.257 7.257 6.936 6.936 6.876 6.801 6.801 11.109 7.577 7.577 7.577 6.884 6.884 6.884 6.863 7.526 7.526 7.526 7.373 7.373 7.373 7.351 7.351 11.032 10.984 10.984 7.393 7.537 7.537 7.537 7.516 7.516 7.516 7.296 7.296 7.296 7.41 7.41 7.41 7.397 7.379 7.379 7.324 7.324 7.324
11.811 11.824 11.824 8.091 8.11 8.11 7.443 7.411 7.411 7.411 7.402 7.399 7.399 7.394 7.394 7.394 7.354 8.018 8.018 8.007 8.007 8.007 7.945 7.945 7.945 8.102 8.102 8.102 8.102 7.923 7.262 7.262 7.985 7.985 7.985 7.908 7.274 7.274 7.257 7.257 7.257 7.202 6.876 6.876 6.801 7.448 7.448 7.577 7.577 7.577 6.884 6.884 6.884 6.863 7.526 7.526 7.526 7.373 7.373 7.373 11.032 11.032 11.032 10.984 10.984 11.078 11.334 11.334 7.537 7.516 7.516 7.516 7.296 7.296 7.296 7.428 7.41 7.428 7.397 7.397 7.379 7.324 7.324 7.324
11.811 11.824 8.091 8.091 8.11 8.11 8.11 8.075 8.075 8.075 8.067 8.067 7.399 7.394 7.394 7.394 7.354 8.018 11.691 11.676 11.676 8.007 7.945 7.945 7.945 8.102 8.102 8.102 8.102 7.923 7.262 7.262 7.985 7.985 7.985 7.937 7.937 7.274 7.257 7.257 7.257 7.202 6.876 6.876 6.801 6.801 11.109 7.577 7.577 7.577 6.884 6.884 6.884 6.863 6.863 7.526 7.526 7.373 7.373 7.373 11.032 11.032 11.032 10.984 10.984 11.078 11.334 11.334 11.334 11.311 7.516 7.516 7.296 7.296 7.296 7.428 7.428 7.428 7.397 7.397 7.907 7.828 7.324 7.324
11.746 11.546 11.537 11.537 7.987 7.987 7.987 8.003 8.003 8.003 8.074 8.074 8.074 8.005 8.002 8.002 7.298 7.298 7.962 11.765 11.765 11.765 11.552 7.898 7.898 7.945 7.945 7.945 7.945 7.856 7.196 7.196 7.789 7.789 7.789 7.813 7.813 7.813 7.151 7.151 7.151 7.103 7.042 6.78 6.761 6.761 11.095 11.171 7.446 7.446 7.318 7.318 6.674 6.784 6.784 7.444 7.444 7.264 7.264 7.264 10.893 10.893 10.893 11.181 11.181 11.275 11.158 11.158 11.158 11.249 11.249 11.249 7.428 7.428 7.428 7.283 7.283 7.284 7.772 7.271 7.271 7.795 7.291 7.776
11.746 11.546 11.537 11.537 7.987 7.987 7.987 8.003 8.003 8.003 8.074 8.074 8.074 8.005 8.002 8.002 7.962 7.962 7.298 8.036 8.036 8.036 7.898 7.898 7.898 7.945 7.945 7.945 7.945 7.196 7.196 7.196 7.133 7.789 7.789 7.813 7.813 7.813 7.809 7.151 7.151 7.103 7.042 6.78 6.761 6.761 11.095 11.171 7.446 7.446 7.318 7.318 6.674 6.784 6.784 7.444 7.444 7.264 7.264 7.264 7.243 10.893 10.893 11.181 11.181 11.275 11.158 11.158 11.158 11.249 11.249 11.249 11.209 7.428 7.428 7.283 7.283 7.284 7.772 7.772 7.772 7.795 7.795 7.795
11.746 11.537 11.537 11.537 7.987 7.987 7.987 8.003 8.003 8.003 8.074 8.074 8.074 8.005 8.005 8.002 7.962 11.648 7.962 8.036 8.036 8.036 7.898 7.898 7.898 7.945 7.945 7.945 7.945 7.856 7.196 7.196 7.133 7.789 7.789 7.813 7.813 7.813 7.809 7.809 7.151 7.103 7.042 7.042 6.761 7.41 7.916 11.171 11.171 7.446 7.318 7.318 7.318 7.444 7.444 7.444 7.444 7.264 7.264 7.264 7.243 10.893 10.893 11.181 11.275 11.275 11.158 11.158 11.158 11.249 7.973 7.973 11.209 11.209 7.428 7.283 7.283 7.284 7.772 7.772 7.772 7.795 7.795 7.795
11.737 11.537 11.537 11.537 11.681 7.987 7.987 8.003 8.003 8.003 8.074 8.074 8.074 8.005 8.005 11.72 7.962 11.648 11.648 8.036 8.036 11.765 11.552 7.898 7.898 7.945 7.945 7.945 7.945 7.856 7.856 7.196 7.789 7.789 7.789 7.784 7.784 7.813 7.809 7.809 7.151 7.081 7.017 6.956 7.245 7.245 7.743 10.845 10.845 10.845 7.26 7.26 7.26 7.215 7.206 7.206 7.206 7.292 7.292 7.292 11.09 11.09 11.09 11.079 11.172 11.172 11.073 11.073 11.073 7.748 7.748 7.748 10.872 10.872 10.872 7.223 7.223 7.223 7.291 7.8 7.8 7.824 7.802 7.802
11.555 11.3 11.3 11.3 11.509 7.86 7.86 7.904 7.904 7.904 7.898 11.564 11.564 11.517 11.517 11.517 11.432 11.432 11.432 7.138 7.789 11.397 11.661 7.933 7.933 7.893 7.894 7.894 7.894 7.671 7.671 7.671 7.688 7.688 7.688 7.64 7.669 7.669 7.675 7.675 7.675 7.017 6.956 6.956 7.245 7.245 7.743 7.716 10.845 10.845 10.936 7.26 7.26 7.26 7.206 7.206 7.206 7.292 7.292 11.001 11.09 11.09 11.09 11.172 11.172 11.172 11.073 11.073 11.073 7.748 7.748 7.748 10.872 10.872 10.872 10.888 7.223 7.223 7.8 7.8 7.8 7.8 7.802 7.802
11.555 11.3 11.3 11.3 7.86 7.86 7.86 7.904 7.904 11.573 11.564 11.564 11.564 11.517 11.517 11.514 11.432 11.432 7.161 7.138 7.789 11.397 7.933 7.933 7.933 7.933 7.894 7.894 7.894 7.671 7.671 7.671 7.688 7.688 7.688 7.64 7.669 7.669 7.675 7.675 7.023 6.956 7.606 7.606 7.511 7.245 7.245 10.845 10.845 10.845 10.936 10.936 7.26 7.26 7.206 7.206 10.843 11.001 11.001 11.001 11.09 11.184 11.184 11.172 11.172 11.172 11.073 11.073 11.073 7.748 7.748 7.748 10.872 10.872 10.872 10.888 10.888 7.725 7.8 7.8 7.8 7.8 7.802 7.802
11.555 11.3 11.3 7.729 7.86 7.86 7.86 7.904 11.573 11.573 11.564 11.564 11.564 11.517 11.517 11.514 11.432 11.432 7.161 7.138 7.789 11.397 7.933 7.933 7.933 11.661 11.61 11.61 11.61 11.247 7.671 7.671 7.688 7.688 7.688 7.64 7.669 7.669 7.675 7.023 7.023 7.017 7.606 7.606 7.511 7.245 7.245 10.845 10.845 10.845 10.936 10.936 10.936 7.26 7.206 10.843 10.843 11.001 11.095 11.095 11.184 11.184 11.184 11.172 11.172 11.172 11.073 11.073 11.073 7.748 7.748 7.748 10.872 10.872 10.872 10.888 10.888 7.725 7.8 7.8 7.8 7.8 7.802 7.802
11.199 11.414 7.775 7.775 7.76 7.76 7.76 7.814 11.462 11.462 11.437 11.437 11.437 11.307 11.307 11.307 7.112 7.09 7.09 7.109 7.762 11.401 7.72 7.72 7.72 11.346 11.12 11.12 11.12 11.151 11.151 7.585 7.557 7.557 7.557 7.734 7.734 7.734 7.576 7.576 7.576 7.525 7.525 7.525 7.585 7.602 11.037 10.838 10.742 10.742 10.748 10.748 7.131 7.131 10.731 10.731 10.731 10.804 10.804 10.804 10.793 10.793 10.793 10.722 10.722 10.722 10.843 10.843 10.843 7.688 7.688 7.688 10.934 10.934 10.934 10.935 7.732 7.732 7.73 7.73 7.73 7.73 7.641 7.641
11.199 7.775 7.775 11.414 7.76 7.76 7.76 7.814 7.814 7.834 7.804 7.804 11.437 11.307 11.307 11.307 7.09 7.09 7.09 7.762 7.762 7.762 7.492 7.72 7.72 11.346 11.12 11.12 11.12 11.151 11.151 11.151 7.557 7.557 7.557 7.734 7.734 7.734 7.576 7.576 7.576 7.525 7.525 11.098 11.211 11.231 11.037 10.838 10.838 10.838 10.843 7.131 7.131 7.131 10.731 10.731 10.823 10.804 10.804 10.804 10.793 10.793 10.793 10.722 10.722 10.722 10.843 10.843 10.843 7.688 7.688 7.688 10.934 10.934 10.934 7.732 7.732 7.732 7.73 7.73 7.73 7.73 7.641 7.641
11.199 11.414 11.414 11.414 11.379 11.379 11.379 11.462 7.814 7.834 7.804 7.804 11.437 11.307 11.307 11.307 7.112 7.09 7.739 7.762 7.762 7.762 7.492 7.72 7.72 11.346 11.12 11.12 11.12 11.151 11.151 11.151 11.121 7.585 7.585 7.734 7.734 7.734 7.576 7.576 7.576 7.542 7.542 11.118 11.231 11.231 11.231 10.838 10.838 10.838 7.208 7.131 7.131 10.748 10.731 10.731 10.823 10.804 10.804 10.804 10.793 10.793 10.793 10.722 10.722 10.722 10.843 10.843 10.843 7.688 7.688 7.688 7.731 10.934 7.731 7.732 7.732 7.732 7.73 7.73 7.73 7.73 7.641 7.641
11.326 11.314 11.314 11.314 11.282 11.282 11.282 7.735 7.715 7.735 7.673 7.673 11.247 7.826 7.826 7.826 7.63 7.608 7.608 7.595 7.595 11.147 7.423 7.65 7.65 11.251 11.205 11.205 11.205 11.169 11.169 11.169 11.349 11.349 11.349 10.961 7.444 7.444 7.614 7.614 7.614 7.5 7.5 7.5 11.089 11.089 11.089 10.857 10.857 7.187 7.062 7.062 10.554 10.554 10.906 10.906 10.906 10.68 10.68 10.68 10.832 10.832 10.832 10.837 10.837 10.837 10.749 10.749 10.749 7.582 10.717 10.717 10.755 10.755 7.604 7.608 7.608 7.608 7.659 7.659 7.659 7.659 7.65 7.65
11.326 11.314 11.314 11.314 11.282 11.282 7.7 7.735 7.735 7.735 7.673 7.673 7.673 7.826 7.826 7.826 7.63 7.608 7.608 7.595 7.595 11.147 7.423 7.65 7.65 11.251 11.205 11.205 11.205 11.169 11.203 11.203 11.349 11.349 11.349 10.961 10.961 10.961 11.271 11.271 11.271 7.5 7.5 7.5 7.498 7.498 7.498 7.454 7.187 7.187 7.062 7.062 10.554 10.554 10.906 10.906 10.906 10.589 10.68 10.68 10.832 10.832 10.832 10.837 10.837 10.837 10.749 10.749 7.605 10.717 10.717 10.717 10.755 10.755 10.755 7.608 7.608 7.608 7.659 7.659 7.659 7.659 7.65 7.65
11.326 11.314 11.314 11.314 11.282 11.306 7.7 7.735 7.735 7.735 7.673 7.673 7.673 7.826 7.826 7.826 7.608 7.608 7.608 7.595 6.955 11.147 7.423 7.65 7.65 7.65 7.613 11.205 11.205 11.169 11.203 11.203 11.349 11.349 11.349 10.961 10.961 10.961 11.271 11.271 11.271 11.093 11.093 11.093 11.089 11.089 7.498 7.454 7.187 7.187 7.062 10.648 10.648 10.554 10.906 10.906 10.906 10.589 10.589 10.68 10.832 10.832 10.832 10.837 10.837 10.837 10.749 10.749 10.749 10.717 10.717 10.717 10.755 10.755 10.755 10.762 10.762 10.762 10.852 10.852 10.852 10.852 10.834 10.834
11.326 11.314 11.314 11.314 11.282 7.7 7.7 7.735 7.735 7.735 7.673 7.673 7.673 7.826 7.826 7.803 7.608 7.608 7.608 6.955 11.147 11.147 11.251 7.65 11.251 11.251 7.613 7.613 11.205 11.169 11.203 11.203 11.349 11.349 11.313 10.973 10.973 10.973 11.09 11.09 11.09 10.971 10.971 10.971 10.831 10.831 10.831 10.816 7.023 7.023 7.177 10.902 10.902 10.807 10.656 10.656 10.656 10.701 10.701 10.793 10.609 10.609 10.609 10.67 10.67 7.532 10.635 10.635 10.635 10.725 10.725 10.725 10.784 10.784 10.784 10.809 10.81 10.81 10.781 10.781 10.781 10.781 10.832 10.832
11.219 11.234 11.234 11.234 11.259 7.651 7.651 7.604 7.604 7.604 7.618 7.618 7.618 7.597 7.575 7.575 7.67 7.67 7.025 11.161 11.161 11.161 11.135 11.135 11.135 11.135 7.504 7.504 11.047 11.012 11.046 11.046 11.049 11.049 11.049 10.973 10.973 10.973 11.09 11.09 11.09 10.971 10.971 10.971 10.831 10.831 10.831 10.816 10.816 10.622 10.902 10.902 10.902 10.807 10.656 10.656 10.656 10.701 10.701 10.793 10.609 10.609 10.609 10.67 7.532 10.67 10.635 10.635 10.635 10.725 10.725 10.725 10.784 10.784 10.784 10.81 10.81 10.81 10.781 10.781 10.781 10.781 10.832 10.832
11.219 11.234 11.234 11.233 11.259 11.259 11.259 7.604 7.604 7.604 7.618 7.618 7.618 7.597 11.124 11.124 11.285 11.285 7.67 11.161 11.161 11.161 11.135 11.135 11.135 7.568 7.504 11.047 11.047 11.012 11.012 11.046 11.049 11.049 11.049 10.973 10.973 10.973 11.09 11.09 11.09 10.951 10.971 10.971 10.831 10.831 10.831 10.816 10.816 10.622 10.902 10.902 10.902 10.902 10.75 10.656 10.656 10.701 10.701 10.793 10.609 10.609 10.609 7.532 10.67 10.67 10.635 10.635 10.635 10.725 10.725 10.725 10.784 10.784 10.784 10.81 10.81 10.81 10.781 10.781 10.781 10.781 10.832 10.832
11.219 11.234 11.233 11.233 11.259 11.259 11.259 7.604 7.604 11.165 11.184 11.184 7.618 11.151 11.151 11.124 11.285 11.285 11.285 11.161 11.161 11.161 7.342 11.135 11.135 7.568 11.047 11.047 11.047 11.012 11.012 11.046 11.049 11.049 11.049 10.973 10.973 10.973 11.09 11.09 11.09 10.951 10.971 10.971 10.831 10.831 10.831 10.816 10.816 10.816 10.902 10.902 10.902 10.902 10.75 10.656 10.656 10.701 10.701 10.701 10.609 10.609 7.487 10.67 10.67 10.67 10.635 10.635 10.635 10.725 10.725 10.725 10.784 10.784 10.784 10.81 10.81 10.81 10.781 10.781 10.781 10.781 10.832 10.832
11.125 11.15 11.15 11.15 11.136 11.136 11.136 11.313 11.313 11.313 11.077 11.077 11.077 11.089 11.089 11.089 11.156 11.156 11.156 11.139 11.139 11.139 7.29 11.066 7.515 7.515 10.989 10.989 10.989 10.953 10.953 10.987 10.929 10.929 10.929 10.803 10.803 10.803 10.817 10.817 10.817 11.062 11.082 11.082 11.033 11.033 11.033 10.734 10.734 10.734 10.814 10.814 10.814 10.814 10.658 10.565 10.565 10.471 10.471 10.471 10.446 7.367 10.446 10.715 10.715 10.715 10.587 10.587 10.587 10.585 10.585 10.585 10.571 10.571 10.571 10.743 10.743 10.743 10.734 10.734 10.734 10.734 10.716 10.716
11.125 11.15 11.15 11.15 11.136 11.136 11.136 11.313 11.313 11.313 11.077 11.077 11.077 11.089 11.089 11.089 11.184 11.156 11.156 11.139 7.563 7.563 7.29 7.515 7.515 11.066 10.989 10.989 10.989 10.953 10.953 10.987 10.929 10.929 10.929 10.803 10.803 10.803 10.817 10.817 10.817 11.062 11.082 11.082 11.033 11.033 11.033 10.734 10.734 10.734 11.001 10.814 10.814 10.814 10.658 10.658 10.565 10.471 10.471 10.471 7.292 10.356 10.446 10.715 10.715 10.715 10.587 10.587 10.587 10.585 10.585 10.585 10.571 10.571 10.571 10.743 10.743 10.743 10.734 10.734 10.734 10.734 10.716 10.716
11.125 11.15 11.15 11.15 11.136 11.136 11.136 11.313 11.313 11.313 11.077 11.077 11.077 11.089 11.089 11.089 11.184 11.184 11.156 11.139 7.563 7.563 7.515 7.515 7.515 11.066 10.989 10.989 10.989 10.984 10.984 10.987 10.929 10.929 10.929 10.803 10.803 7.793 10.817 10.817 10.817 11.062 11.062 11.082 11.033 11.033 11.033 10.734 10.734 10.734 11.001 10.814 10.814 10.814 10.658 10.658 10.565 10.471 10.471 10.471 10.356 10.356 10.446 10.715 10.715 10.715 10.587 10.587 10.587 10.585 10.585 10.585 10.571 10.571 10.571 10.743 10.743 10.743 10.734 10.734 10.734 10.734 10.716 10.716
