conversion_utilities/recharge_inches_per_year_baseline_rainfall.asc
ncols 887
nrows 689
xllcorner 574000
yllcorner 2350025
cellsize 75
NODATA_value -9999 
[rows 148 to 184 of 689, columns 420 to 503 of 887]
58.676 61.564 61.564 61.564 65.425 65.425 65.425 66.444 66.444 66.444 66.381 66.381 66.381 68.011 68.011 99.266 84.172 84.172 84.172 84.172 82.376 82.376 82.376 82.288 83.346 83.346 80.385 80.385 80.385 76.341 76.341 76.341 74.076 74.076 74.076 69.487 69.487 69.487 65.027 65.027 65.027 61.191 61.191 61.191 60.01 60.01 60.01 60.01 55.159 55.159 55.159 52.906 52.906 52.276 49.296 49.296 48.626 45.392 45.392 45.392 40.624 40.624 40.624 33.338 36.095 36.095 33.901 33.901 33.901 32.39 32.39 32.39 29.462 29.462 33.5 30.763 30.763 28.902 28.902 25.739 25.739 25.118 25.027 25.027
58.676 61.564 61.564 61.564 65.425 65.425 65.425 66.444 66.444 66.444 66.381 66.381 66.381 68.011 79.511 79.511 98.571 84.172 84.172 84.172 82.376 82.069 86.119 87.222 88.325 88.325 85.058 85.058 85.058 82.928 82.928 82.928 80.728 80.728 80.728 75.253 75.253 75.253 69.627 69.627 69.627 66.742 66.742 66.742 63.908 63.908 63.908 63.908 61.272 61.272 63.237 57.489 56.854 56.854 53.56 52.845 52.845 48.02 48.02 48.02 46.644 46.644 46.644 43.579 40.015 40.015 37.451 37.451 37.893 35.11 35.11 35.11 33.021 37.398 37.398 33.186 33.186 31.25 31.25 27.487 26.841 26.841 28.109 28.109
51.836 56.141 56.141 56.141 66.599 66.599 66.599 68.772 68.772 68.772 69.339 69.339 69.339 81.865 81.865 81.865 82.31 88.774 88.774 88.774 86.119 86.119 86.119 87.222 88.325 88.325 85.058 85.058 85.058 82.928 82.928 82.928 80.728 80.728 80.728 75.253 75.253 75.253 69.627 69.627 69.627 66.742 66.742 66.742 63.908 63.908 63.908 63.908 61.272 61.272 62.57 56.854 56.854 56.854 53.56 52.845 52.845 48.02 48.02 48.02 46.644 46.644 46.644 43.579 37.155 40.015 37.451 37.893 37.893 35.11 35.11 35.11 33.021 37.398 37.398 33.111 33.186 31.25 31.25 27.487 26.841 29.312 28.109 28.109
51.836 56.141 56.141 56.141 66.599 66.599 66.599 61.956 61.956 61.956 69.339 69.339 81.13 81.865 81.865 81.865 82.172 82.31 88.774 88.774 86.119 86.119 86.119 87.222 87.222 88.325 85.058 85.058 85.058 82.928 82.928 82.928 80.728 80.728 80.728 75.253 75.253 75.253 69.627 69.627 69.627 66.742 66.742 66.742 63.908 63.908 63.908 63.908 61.272 62.57 62.57 56.854 56.854 56.854 52.845 52.845 52.845 48.02 48.02 48.02 46.644 46.644 46.644 43.579 43.579 46.561 37.451 37.893 37.893 35.11 35.11 35.11 33.021 37.398 37.398 33.111 31.25 31.25 31.25 26.841 26.841 29.312 28.109 25.601
51.836 56.141 56.141 56.141 59.938 59.938 59.938 61.956 61.956 61.956 62.436 81.13 81.13 81.865 81.865 81.865 81.865 82.31 88.774 88.774 86.119 86.119 86.119 87.222 87.222 88.325 85.058 85.058 85.058 82.928 82.928 82.928 80.728 80.728 80.728 75.253 75.253 75.253 69.627 69.627 69.627 66.742 66.742 66.742 63.908 63.908 63.908 65.266 62.57 62.57 62.57 56.854 56.854 56.105 52.845 52.845 52.845 48.02 48.02 48.02 46.644 46.644 46.644 43.579 43.579 46.561 37.893 37.893 37.893 34.88 39.965 39.965 40.079 40.079 40.079 37.988 33.338 33.338 33.338 29.825 29.825 32.425 29.735 27.106
52.342 56.166 56.166 56.166 58.965 58.965 58.965 63.121 63.121 63.121 76.189 83.305 83.305 84.489 84.489 84.489 84.489 85.065 85.065 91.934 92.336 92.336 92.336 91.306 91.306 92.448 89.593 89.593 89.593 89.797 89.797 89.797 87.338 87.338 87.338 82.261 82.261 79.413 76.584 76.584 76.584 73.245 73.245 73.245 70.938 70.938 72.418 72.418 66.35 66.35 66.35 62.035 62.035 61.234 56.228 56.228 56.228 53.704 53.704 53.704 49.992 49.992 49.992 48.195 48.195 51.263 41.981 41.981 41.981 39.965 39.965 44.99 40.079 40.079 37.988 37.988 33.338 33.338 32.627 29.825 32.425 32.425 27.106 27.106
52.342 56.166 56.166 56.166 58.965 58.965 58.965 63.121 63.121 74.75 76.189 76.189 76.189 84.489 84.489 84.489 84.489 85.065 85.065 91.934 92.336 92.336 92.336 91.306 91.306 91.306 89.593 89.593 89.593 89.797 89.797 89.797 87.338 87.338 87.338 82.261 82.261 79.413 76.584 76.584 76.584 73.245 73.245 73.245 70.938 72.418 72.418 72.418 66.35 66.35 66.35 62.035 62.035 61.234 56.228 56.228 56.228 53.704 53.704 53.704 49.992 49.992 49.992 48.195 48.195 51.263 41.981 41.981 41.981 39.965 39.965 44.99 40.079 40.079 37.988 37.988 33.338 33.338 32.627 32.425 32.425 32.425 27.106 27.106
52.342 56.166 56.166 56.166 58.965 58.965 58.965 63.121 74.75 74.75 76.189 76.189 76.189 77.273 84.489 84.489 84.489 85.065 85.065 74.236 92.336 92.336 92.336 91.306 91.306 92.448 89.593 89.593 89.593 89.797 89.797 89.797 87.338 87.338 87.338 82.261 82.261 79.413 76.584 76.584 76.584 73.245 73.245 72.529 70.234 72.418 72.418 72.418 66.35 66.35 66.35 62.035 61.234 61.234 56.228 56.228 56.228 53.704 53.704 53.704 49.992 49.992 49.992 48.195 48.195 51.263 41.981 41.981 41.981 39.965 44.99 44.99 40.079 37.988 37.988 37.988 33.338 32.627 35.339 32.425 32.425 29.615 27.106 27.106
51.885 55.976 55.976 55.976 59.714 59.714 59.714 75.689 75.689 75.689 77.036 77.036 77.036 79.711 79.711 87.035 87.035 87.912 87.912 77.367 95.749 95.749 95.749 95.165 95.165 96.344 95.586 95.586 95.586 94.976 94.976 94.976 90.904 90.904 90.904 90.147 90.147 87.128 82.17 82.17 82.17 80.286 79.555 79.555 76.123 76.123 76.123 76.123 71.865 71.865 71.865 66.312 66.312 66.312 61.968 61.968 61.968 58.951 58.951 58.951 55.852 55.852 55.852 53.345 53.345 56.453 46.208 46.208 46.208 47.154 47.154 47.154 40.074 40.074 40.074 40.074 35.742 35.005 37.81 36.011 36.011 32.98 30.071 30.071
51.885 55.976 55.976 55.976 59.714 59.714 72.791 75.689 75.689 75.689 77.036 77.036 77.036 79.711 79.711 87.035 87.035 87.912 87.912 77.367 95.749 95.749 95.749 95.165 95.165 96.344 95.586 95.586 95.586 94.976 94.976 94.976 90.904 90.904 90.904 90.147 87.128 87.128 82.17 82.17 81.427 79.555 79.555 81.94 76.123 76.123 76.123 76.123 71.865 71.865 70.973 66.312 66.312 66.312 61.968 61.968 61.968 58.951 58.951 58.951 55.852 55.852 55.852 53.345 53.345 56.453 46.208 46.208 46.208 47.154 47.154 47.154 40.074 40.074 40.074 40.074 35.742 37.81 37.81 36.011 32.98 32.98 30.071 33.705
51.885 55.976 55.976 55.976 59.714 72.791 72.791 75.689 75.689 75.689 77.036 77.036 77.036 79.711 79.711 79.711 87.035 87.912 87.912 77.367 95.749 95.749 95.749 95.165 95.165 95.165 95.586 95.586 95.586 94.976 94.976 94.976 90.904 90.904 90.904 90.147 87.128 87.128 82.17 81.427 81.427 79.555 79.555 81.94 76.123 76.123 76.123 76.123 71.865 71.865 70.973 66.312 66.312 66.312 61.968 61.968 61.968 58.951 58.951 58.951 55.852 55.852 55.852 53.345 53.345 53.345 51.826 46.208 48.787 47.154 47.154 47.154 40.074 40.074 40.074 40.074 37.81 37.81 37.81 32.98 32.98 32.98 33.705 33.705
51.885 55.976 55.976 55.976 72.791 72.791 72.791 75.689 75.689 75.689 77.036 77.036 77.036 79.711 79.711 79.711 79.521 89.897 89.897 107.307 100.053 100.053 100.053 99.517 99.517 100.733 100.253 100.253 100.253 99.652 99.652 99.652 96.537 96.537 96.537 94.878 91.736 91.736 86.374 86.374 86.374 85.099 87.603 87.603 82.047 82.1 82.1 82.1 78.021 78.021 77.073 71.954 71.954 71.954 67.867 67.867 67.867 65.001 65.001 65.001 60.911 60.911 60.911 58.751 58.751 58.751 51.945 51.945 51.945 47.199 50.306 50.306 42.169 42.169 42.169 44.394 42.591 42.591 42.591 36.167 36.167 40.338 35.644 35.644
51.875 57.182 57.182 70.517 73.89 73.89 73.89 76.882 76.882 76.882 78.435 78.435 78.435 80.899 80.899 80.899 80.899 82.378 82.378 107.307 100.053 100.053 100.053 99.517 99.517 100.733 100.253 100.253 100.253 99.652 99.652 99.652 96.537 96.537 96.537 94.878 90.986 90.986 86.374 86.374 86.374 85.099 87.603 87.603 87.603 82.1 82.1 82.1 78.021 78.021 77.073 71.954 71.954 71.954 67.867 67.867 67.867 65.001 65.001 65.001 60.911 60.911 60.911 58.751 58.751 57.578 51.945 51.945 51.945 47.199 50.306 50.306 42.169 44.394 44.394 44.394 42.591 42.591 39.149 36.167 36.167 40.338 35.644 35.644
51.875 57.182 70.517 70.517 73.89 73.89 73.89 76.882 76.882 76.882 78.435 78.435 78.435 80.899 80.899 80.899 80.899 82.378 82.378 82.378 109.182 100.053 100.053 99.517 99.517 100.733 100.253 100.253 100.253 99.652 99.652 99.652 96.537 96.537 96.537 94.128 90.986 90.986 86.374 86.374 86.374 85.099 87.603 87.603 87.603 82.1 82.1 82.1 78.021 78.021 77.073 71.954 71.954 71.954 67.867 67.867 67.867 65.001 65.001 65.001 60.911 60.911 60.911 58.751 58.751 57.578 51.945 51.945 51.945 47.199 47.199 50.306 44.394 44.394 44.394 44.394 42.591 42.591 39.149 36.167 40.338 40.338 35.644 35.644
51.875 70.517 70.517 70.517 73.89 73.89 73.89 76.882 76.882 76.882 78.435 78.435 78.435 80.899 80.899 80.899 80.899 82.378 82.378 82.378 83.962 100.053 100.053 99.517 99.517 100.733 100.253 100.253 100.253 99.652 99.652 99.652 96.537 95.782 95.782 94.128 90.986 90.986 86.374 86.374 86.374 85.099 87.603 87.603 87.603 82.1 82.1 82.1 78.021 78.021 77.073 71.954 71.954 71.954 67.867 67.867 67.867 65.001 65.001 65.001 60.911 60.911 60.911 57.208 60.623 60.623 54.401 54.401 54.401 49.602 49.602 49.602 49.778 49.778 49.778 49.778 46.441 42.769 42.769 43.351 43.351 43.351 39.924 39.924
51.72 69.977 69.977 69.977 73.181 73.181 73.181 76.15 76.15 76.15 78.896 78.896 78.896 81.267 81.267 81.267 81.267 83.646 83.646 83.646 85.53 85.53 76.437 104.411 104.411 105.665 105.222 105.222 105.222 103.307 103.307 103.307 102.025 102.025 102.025 95.999 95.999 95.999 94.023 94.023 94.023 90.011 92.625 92.625 92.625 86.503 86.503 86.503 85.958 85.958 84.948 78.163 78.163 78.163 75.501 75.501 75.501 72.89 72.89 72.89 67.049 67.049 65.745 60.623 60.623 60.623 54.401 54.401 54.401 49.602 49.602 49.602 46.661 49.778 49.778 49.778 46.441 42.769 42.769 43.351 43.351 43.351 39.924 39.924
66.486 69.977 69.977 69.977 73.181 73.181 73.181 76.15 76.15 76.15 78.896 78.896 78.896 81.267 81.267 81.267 81.267 83.646 83.646 83.646 85.53 85.53 85.53 104.411 104.411 105.665 105.222 105.222 105.222 103.307 103.307 102.557 102.025 102.025 102.025 95.999 95.999 95.999 94.023 94.023 94.023 92.625 92.625 92.625 92.625 86.503 86.503 86.503 85.958 84.948 84.948 78.163 78.163 78.163 75.501 75.501 75.501 72.89 72.89 72.89 67.049 65.745 65.745 60.623 60.623 60.623 54.401 54.401 54.401 49.602 49.602 49.602 46.661 49.778 49.778 49.778 42.769 42.769 47.502 43.351 43.351 43.351 39.924 39.924
66.486 69.977 69.977 69.977 73.181 73.181 73.181 76.15 76.15 76.15 78.896 78.896 78.896 81.267 81.267 81.267 81.267 83.646 83.646 83.646 85.53 85.53 85.53 87.491 104.411 105.665 105.222 105.222 105.222 102.557 102.557 102.557 102.025 102.025 102.025 95.999 95.999 95.999 94.023 94.023 96.704 92.625 92.625 92.625 92.625 86.503 86.503 86.503 85.958 84.948 84.948 78.163 78.163 78.163 75.501 75.501 75.501 72.89 72.89 72.89 65.745 65.745 65.745 60.623 60.623 60.623 54.401 54.401 54.401 49.602 49.602 49.602 46.661 46.661 49.778 45.899 42.769 42.769 47.502 43.351 43.351 43.351 39.924 37.833
66.723 71.013 71.013 71.013 73.891 73.891 73.891 76.857 76.857 76.857 80.28 80.28 80.28 83.439 83.439 83.439 83.439 85.647 85.647 85.647 88.192 88.192 88.192 90.141 81.953 108.982 109.392 109.392 108.663 107.566 107.566 107.566 107.792 107.792 104.352 100.839 100.839 100.839 97.708 100.478 100.478 96.417 96.417 96.417 96.417 93.857 93.857 93.857 89.807 89.807 89.807 85.039 85.039 85.039 83.44 83.44 83.44 78.352 78.352 76.889 69.909 69.909 69.909 63.401 63.401 63.401 58.711 58.711 58.711 55.563 55.563 55.563 53.017 53.185 56.329 52.115 47.265 52.344 52.344 47.159 47.159 47.159 42.434 42.434
66.723 71.013 71.013 71.013 73.891 73.891 73.891 76.857 76.857 76.857 80.28 80.28 80.28 83.413 83.439 83.439 83.439 85.647 85.647 85.647 88.192 88.192 88.192 90.141 90.141 108.982 108.663 108.663 108.663 107.566 107.566 107.566 107.792 107.792 104.352 100.839 100.839 100.839 100.478 100.478 100.478 96.417 96.417 96.417 96.417 93.857 93.857 93.857 89.807 89.807 89.807 85.039 85.039 85.039 83.44 83.44 83.44 78.352 78.352 76.889 69.909 69.909 69.909 63.401 63.401 63.401 58.711 58.711 58.711 55.563 55.563 55.563 55.563 53.185 49.022 52.115 47.265 52.344 52.344 47.159 47.159 47.159 42.434 42.434
66.723 71.013 71.013 71.013 73.891 73.891 73.891 76.857 76.857 76.857 80.28 80.28 80.28 80.28 83.439 83.439 83.439 85.647 85.647 85.647 88.192 88.192 88.192 90.141 90.141 81.246 108.663 108.663 108.663 107.566 107.566 107.566 107.792 107.792 104.352 100.839 100.839 103.659 100.478 100.478 100.478 96.417 96.417 96.417 96.417 93.857 93.857 93.857 89.807 89.807 89.807 85.039 85.039 85.039 83.44 83.44 83.44 76.889 76.889 76.889 69.909 69.909 69.909 63.401 63.401 63.401 58.711 58.711 58.711 55.563 55.563 55.563 55.563 53.185 49.022 49.022 52.344 52.344 52.344 47.159 47.159 47.159 42.434 42.434
66.723 71.013 71.013 71.013 73.891 73.891 73.891 76.857 76.857 76.857 80.149 80.473 80.473 80.473 83.988 83.988 83.988 86.951 86.951 86.951 89.577 89.577 89.577 92.403 92.403 92.403 112.444 112.444 112.444 111.666 111.666 111.666 111.676 111.676 108.14 105.516 105.516 108.428 105.697 105.697 105.697 103.471 103.471 103.471 103.471 102.617 102.617 101.472 96.601 96.601 96.601 91.399 91.399 91.399 90.275 88.657 88.657 81.741 81.741 81.741 75.204 75.204 75.204 68.762 68.762 68.762 65.508 65.508 65.508 63.096 63.096 63.096 63.096 53.159 53.159 58.865 56.368 56.368 56.368 51.113 51.113 51.113 47.341 47.341
66.774 70.334 70.334 70.334 74.632 74.632 74.632 77.828 77.828 77.828 80.473 80.473 80.473 80.473 83.988 83.988 83.988 86.951 86.951 86.951 89.577 89.577 89.577 92.403 92.403 92.403 112.444 112.444 112.444 111.666 111.666 111.666 111.676 111.676 111.084 108.428 108.428 108.428 105.697 105.697 105.697 103.471 103.471 103.471 103.471 102.617 102.617 101.472 96.601 96.601 96.601 91.399 91.399 91.399 90.275 90.275 88.657 81.741 81.741 81.741 75.204 75.204 75.204 68.762 68.762 68.762 65.508 65.508 65.508 63.096 63.096 63.096 58.39 53.159 53.159 58.865 53.164 56.368 56.368 51.113 51.113 51.113 47.341 47.341
66.774 70.334 70.334 70.334 74.632 74.632 74.632 77.828 77.828 77.828 80.473 80.473 80.473 80.473 83.988 83.988 83.988 86.951 86.951 86.951 89.577 89.577 89.577 92.403 92.403 92.403 84.627 112.444 112.444 111.666 111.666 111.666 111.676 111.676 111.676 108.428 108.428 108.428 105.697 105.697 105.697 103.471 103.471 103.471 103.471 101.472 101.472 101.472 96.601 96.601 96.601 91.399 91.399 91.399 90.275 90.275 88.657 81.741 81.741 81.741 75.204 75.204 75.204 68.762 68.762 68.762 65.508 65.508 65.508 63.096 63.096 58.39 58.39 53.159 58.865 58.865 53.164 53.164 56.368 51.113 51.113 51.113 47.341 47.341
66.774 70.334 70.334 70.334 74.632 74.632 74.632 77.828 77.828 77.828 80.473 80.473 80.473 80.473 83.988 83.988 83.988 86.951 86.951 86.951 89.577 89.577 89.577 92.403 92.403 92.403 93.512 112.444 112.444 111.666 111.666 111.666 111.676 111.676 111.676 108.428 108.428 108.428 105.697 105.697 105.697 103.471 103.471 103.471 102.313 101.472 101.472 101.472 96.601 96.601 96.601 91.399 91.399 91.399 90.275 90.275 90.275 81.741 81.165 86.672 81.888 81.888 81.888 76 76 76 74.001 74.001 74.001 69.345 69.345 64.327 64.327 59.477 65.618 65.618 58.841 58.841 58.841 57.361 57.361 57.361 50.046 50.046
67.691 71.118 71.118 71.118 74.401 74.401 74.401 78.743 78.743 78.743 81.581 81.581 81.581 81.581 85.078 85.078 85.078 87.869 87.869 87.869 91.585 91.585 91.585 93.89 93.89 93.89 95.864 99.514 115.263 116.773 116.773 116.773 116.831 116.831 116.222 114.408 114.408 114.408 111.26 111.26 111.26 110.81 110.81 110.81 109.6 105.551 105.551 105.551 100.339 100.339 100.339 99.205 99.205 99.205 95.96 95.96 94.266 86.672 86.672 86.672 81.888 81.888 81.888 76 76 76 74.001 74.001 74.001 69.345 69.345 64.327 64.327 59.477 65.618 65.618 58.841 58.841 58.841 54.2 57.361 57.361 50.046 46.918
75.521 71.118 71.118 71.118 74.401 74.401 74.401 78.743 78.743 78.743 81.581 81.581 81.581 81.581 85.078 85.078 85.078 87.869 87.869 87.869 91.585 91.585 91.585 93.89 93.89 93.89 95.864 95.864 99.514 116.773 116.773 116.773 116.831 116.831 116.222 114.408 114.408 114.408 111.26 111.26 111.26 110.939 110.81 110.81 109.6 105.551 105.551 105.551 100.339 100.339 100.339 99.205 99.205 99.205 95.96 95.96 94.266 86.672 86.672 86.672 81.888 81.888 81.888 76 76 76 74.001 74.001 74.001 69.345 64.327 64.327 64.327 65.618 65.618 65.618 58.841 58.841 58.841 54.2 54.2 54.2 46.918 46.918
75.521 79.258 71.118 71.118 74.401 74.401 74.401 78.743 78.743 78.743 81.581 81.581 81.581 81.581 85.078 85.078 85.078 87.869 87.869 87.869 91.585 91.585 91.585 93.89 93.89 93.89 95.864 95.864 95.864 100.414 100.414 116.773 116.831 116.831 116.222 114.408 114.408 114.408 111.26 111.26 111.26 111.26 110.81 109.6 109.6 105.551 105.551 105.551 100.339 100.339 100.339 99.205 99.205 99.205 95.96 95.96 95.96 86.672 86.672 86.672 81.888 81.888 81.888 76 76 76 74.001 74.001 74.001 64.327 64.327 64.327 70.825 65.618 65.618 65.618 58.841 58.841 58.841 54.2 54.2 54.2 46.918 46.918
74.317 78.876 78.876 70.78 75.605 75.605 75.605 79.061 79.061 79.061 82.81 82.81 82.81 82.81 85.924 85.924 85.924 88.69 88.69 88.69 92.186 92.186 92.186 94.842 94.842 94.842 97.415 97.415 97.415 98.973 98.973 102.62 91.443 120.106 120.106 118.12 118.12 118.12 118.249 118.249 118.249 116.987 113.659 113.659 113.659 110.77 110.77 110.77 108.101 108.101 108.101 102.635 102.635 102.635 103.932 103.932 102.146 94.992 94.992 94.992 87.897 87.897 87.897 84.486 84.486 84.486 81.277 81.277 81.277 69.807 69.807 76.686 76.686 69.891 69.891 69.891 63.887 63.887 63.887 57.48 57.48 57.48 52.052 52.052
74.317 78.876 78.876 78.876 84.053 75.605 75.605 79.061 79.061 79.061 82.81 82.81 82.81 82.81 85.924 85.924 85.924 88.69 88.69 88.69 92.186 92.186 92.186 94.842 94.842 94.842 97.415 97.415 97.415 98.973 98.973 98.973 103.526 120.106 120.106 118.12 118.12 118.12 118.249 118.249 116.987 116.987 113.659 113.659 113.659 110.77 110.77 110.77 108.101 108.101 108.101 102.635 102.635 102.635 103.932 103.932 102.146 94.992 94.992 94.992 87.897 87.897 87.897 84.486 84.486 84.486 81.277 81.277 81.277 69.807 76.686 76.686 76.686 69.891 69.891 69.891 63.887 63.887 63.887 57.48 57.48 57.48 52.052 52.052
74.317 78.876 78.876 78.876 84.053 84.053 84.053 79.061 79.061 79.061 82.81 82.81 82.81 82.81 85.924 85.924 85.924 88.69 88.69 88.69 92.186 92.186 92.186 94.842 94.842 94.842 97.415 97.415 97.415 98.973 98.973 98.973 99.958 91.443 120.106 118.12 118.12 118.12 118.249 118.249 116.987 116.987 113.659 113.659 113.659 110.77 110.77 110.77 108.101 108.101 108.101 102.635 102.635 102.635 103.932 102.146 102.146 94.992 94.992 94.992 87.897 87.897 87.897 84.486 84.486 84.486 81.277 81.277 81.277 76.686 76.686 76.686 76.686 69.891 69.891 69.891 63.887 63.887 63.887 57.48 57.48 57.48 52.052 52.052
74.317 78.876 78.876 78.876 84.004 82.532 82.532 87.384 87.384 78.678 82.914 82.914 82.914 82.914 87.048 87.048 87.048 89.782 89.782 89.782 93.405 93.405 93.405 96.678 96.678 96.678 99.107 99.107 99.107 101.089 101.089 101.089 102.355 102.355 123.007 122.577 122.577 122.577 123.429 123.429 122.132 122.132 119.999 119.999 119.999 119.893 119.893 119.893 114.627 114.627 114.627 113.06 113.06 113.06 110.011 108.149 108.149 100.791 100.791 100.791 96.865 96.865 96.865 87.509 87.509 87.509 85.461 85.461 85.461 82.28 83.957 83.957 83.957 77.382 77.382 77.382 70.977 70.977 70.977 61.37 61.37 61.37 59.11 59.11
73.569 77.813 77.813 77.813 82.532 82.532 82.532 87.384 87.384 87.384 82.914 82.914 82.914 82.914 87.048 87.048 87.048 89.782 89.782 89.782 93.405 93.405 93.405 96.678 96.678 96.678 99.107 99.107 99.107 101.089 101.089 101.089 102.355 102.355 93.86 122.577 122.577 122.577 123.429 123.429 122.132 122.132 119.999 119.999 119.999 119.893 119.893 119.893 114.627 114.627 114.627 113.06 113.06 113.06 110.011 108.149 108.149 100.791 100.791 100.791 96.865 96.865 96.865 87.509 87.509 87.509 85.461 85.461 85.461 82.28 82.28 83.957 83.957 77.382 77.382 77.382 70.977 70.977 70.977 61.37 61.37 61.37 59.11 59.11
73.569 77.813 77.813 77.813 82.532 82.532 82.532 87.384 87.384 87.384 91.943 91.943 82.914 82.914 87.048 87.048 87.048 89.782 89.782 89.782 93.405 93.405 93.405 96.678 96.678 96.678 99.107 99.107 99.107 101.089 101.089 101.089 102.355 102.355 102.355 122.577 122.577 122.577 123.429 123.429 122.132 122.132 119.999 119.999 119.999 119.893 119.893 119.893 114.627 114.627 114.627 113.06 113.06 113.06 110.011 108.149 108.149 100.791 100.791 100.791 96.865 96.865 96.865 87.509 87.509 87.509 85.461 85.461 85.461 81.927 82.28 83.957 83.957 77.382 77.382 77.382 70.977 70.977 70.977 61.37 61.37 61.37 59.11 59.11
73.569 77.813 77.813 77.813 82.532 82.532 82.532 87.384 87.384 87.384 91.943 91.943 91.943 91.943 87.048 87.048 87.048 89.782 89.782 89.782 93.405 93.405 93.405 96.678 88.764 96.678 99.107 99.107 99.107 101.089 92.954 101.089 102.355 102.355 102.355 122.577 122.577 122.577 123.429 123.429 122.132 122.132 119.999 119.999 119.999 119.893 119.893 119.893 114.627 114.627 114.627 113.06 112.309 120.134 117.532 115.586 115.586 109.405 109.405 109.405 102.767 102.767 102.767 95.927 95.927 95.927 90.567 90.567 90.567 90.567 91.678 91.678 91.678 83.409 83.409 83.409 75.227 75.227 75.227 67.99 67.99 67.99 66.432 66.432
73.278 78.095 78.095 78.095 82.105 82.105 82.105 86.987 86.987 86.987 91.02 90.939 90.939 90.939 96.128 96.128 86.816 90.86 90.86 90.86 94.022 94.022 94.022 97.18 89.176 89.176 92.229 92.229 92.229 94.026 94.026 94.026 96.554 104.946 104.946 109.279 127.17 127.17 127.317 127.317 127.317 125.991 123.995 123.995 123.995 126.515 126.515 126.515 122.794 122.794 122.794 120.134 120.134 120.134 117.532 115.586 115.586 109.405 109.405 109.405 102.767 102.767 102.767 95.927 95.927 95.927 90.567 90.567 90.567 90.567 89.898 91.678 91.678 83.409 83.409 83.409 75.227 75.227 75.227 67.99 67.99 67.99 66.432 48.871
75.084 79.987 78.095 78.095 82.105 82.105 82.105 86.987 86.987 86.987 86.987 90.939 90.939 90.939 96.128 96.128 96.128 100.48 83.275 90.86 94.022 94.022 86.227 89.176 89.176 89.176 92.229 92.229 92.229 94.026 94.026 94.026 96.554 96.554 99.984 109.279 109.279 127.17 127.317 127.317 125.991 125.991 123.995 123.995 123.995 126.515 126.515 126.515 122.794 122.794 122.794 120.134 120.134 120.134 117.532 115.586 115.586 109.405 109.405 109.405 102.767 102.767 102.767 95.927 95.927 95.927 90.567 90.567 90.567 90.567 89.898 91.678 91.678 83.409 83.409 83.409 75.227 75.227 75.227 67.99 67.99 67.99 66.432 48.871
