conversion_utilities/recharge_inches_per_year_baseline_rainfall.asc
ncols 887
nrows 689
xllcorner 574000
yllcorner 2350025
cellsize 75
NODATA_value -9999 
[rows 111 to 147 of 689, columns 336 to 419 of 887]
13.58 14.77 14.271 14.271 14.939 14.939 14.462 15.774 15.774 15.774 16.667 16.667 16.667 16.986 16.986 16.986 17.443 17.443 17.443 16.921 17.816 17.816 17.816 17.647 17.647 18.784 19.551 19.551 19.551 21.222 21.222 21.222 21.776 22.04 22.04 23.318 23.318 23.318 24.908 24.908 24.908 26.726 26.726 26.726 29.89 29.89 29.89 31.292 31.292 31.292 31.292 34.059 34.059 34.059 35.998 35.52 35.52 36.486 36.486 36.486 39.165 39.165 39.165 41.628 43.237 43.237 44.256 44.256 44.256 45.882 45.882 45.399 45.279 45.279 45.279 45.691 45.691 45.691 45.844 53.37 53.37 53.37 51.69 51.69
13.58 14.271 14.271 14.271 14.939 14.939 14.939 15.774 15.774 15.774 16.667 16.667 16.316 16.986 16.986 16.986 17.443 17.443 16.921 16.921 17.816 18.353 16.547 17.647 17.647 17.647 19.551 19.551 19.551 21.222 21.222 21.222 22.04 22.04 22.04 23.318 23.318 23.318 24.908 24.908 24.908 26.726 26.726 26.726 29.89 29.89 28.236 31.292 31.292 31.292 31.292 34.059 34.059 34.059 35.998 35.52 35.52 36.486 36.486 36.486 39.165 39.165 39.165 41.628 39.141 43.237 44.256 44.256 44.256 45.882 45.882 45.399 45.279 45.279 45.279 45.691 45.691 45.691 45.691 53.37 53.37 53.37 51.69 51.69
13.58 14.271 14.271 14.271 14.939 14.939 14.939 15.774 15.774 15.439 16.316 16.316 16.316 16.986 16.986 16.986 17.443 16.921 16.921 17.443 17.065 16.547 16.547 17.582 17.305 17.305 19.28 20.503 20.503 21.618 21.618 21.887 23.066 23.066 23.066 24.81 24.81 24.81 26.036 26.036 26.036 27.85 27.85 27.85 29.412 27.769 27.769 30.14 30.14 31.889 31.889 34.24 34.24 32.397 33.659 33.659 33.659 36.937 38.458 38.458 40.858 40.858 40.858 42.901 42.901 44.548 46.234 46.234 46.234 47.989 47.989 47.989 49.398 48.891 48.891 47.972 47.972 47.972 47.972 57.382 57.382 57.382 55.576 55.608
13.84 14.388 14.388 14.388 15.352 15.352 15.352 16.139 16.139 15.798 16.316 16.316 16.316 16.531 16.531 16.531 17.882 17.882 17.882 16.623 16.481 16.481 16.481 17.305 17.305 17.305 19.28 19.28 19.28 20.34 21.887 20.588 21.71 21.71 23.066 24.81 23.376 23.376 24.543 26.036 26.036 27.85 27.85 27.85 27.769 27.769 27.769 30.14 30.14 30.14 30.14 32.397 32.397 32.397 33.659 33.659 33.659 36.937 36.937 38.458 40.858 40.858 40.858 42.901 42.901 40.359 46.234 46.234 46.234 47.989 47.989 47.989 49.398 48.891 48.891 47.972 47.972 47.972 47.972 49.561 57.382 57.414 55.608 55.608
13.84 14.388 14.388 14.388 15.352 15.352 15.352 15.798 15.798 15.798 16.316 16.316 16.316 16.531 16.531 16.531 17.882 17.882 17.882 16.623 16.481 16.481 16.481 17.305 17.305 17.305 19.28 19.28 19.28 20.588 20.588 21.159 22.296 22.296 22.296 23.982 23.376 23.376 24.543 24.543 24.543 27.85 27.85 27.85 27.769 27.769 27.769 30.14 30.14 30.14 30.14 32.397 32.397 32.397 33.659 33.659 33.659 36.937 36.937 36.937 39.268 40.858 40.858 42.901 42.901 42.901 46.234 46.234 46.234 47.989 47.989 47.989 49.398 49.398 48.891 47.972 47.972 47.972 47.972 49.561 57.414 57.414 55.608 52.773
14.023 14.574 14.574 14.574 15.024 15.024 15.024 15.798 15.798 15.798 16.316 16.316 16.316 16.531 16.531 16.531 17.882 17.882 17.882 16.623 16.999 16.999 16.999 17.305 17.305 17.305 19.28 19.28 19.28 20.588 21.159 21.159 22.296 22.296 22.296 23.376 23.376 23.376 24.543 24.543 24.543 26.276 26.276 26.276 27.769 27.769 27.769 30.14 30.14 30.14 30.14 32.397 32.397 32.397 33.659 33.659 33.659 36.937 36.937 36.937 39.268 40.858 40.858 42.901 42.901 42.901 46.234 46.234 46.234 47.989 47.989 47.989 49.398 49.053 51.979 51.464 51.464 51.464 51.464 51.791 51.791 59.933 56.137 56.137
12.999 13.614 13.614 13.614 14.622 14.622 14.622 15.095 15.095 15.095 16.125 16.125 16.125 16.867 16.867 16.867 17.773 17.773 17.773 16.52 16.762 16.762 16.762 18.107 17.57 17.57 18.505 18.505 18.667 20.009 20.575 20.575 21.746 21.746 21.746 22.491 22.491 22.491 24.068 24.068 24.068 26.2 26.2 26.2 27.571 27.571 27.571 29.766 29.766 29.766 29.766 32.868 32.868 32.868 34.599 34.599 34.599 38.483 38.483 38.483 40.907 40.907 42.544 44.593 44.593 44.593 43.851 47.989 47.989 50.244 50.244 50.244 51.979 51.979 51.979 51.464 51.464 51.464 51.464 51.791 59.933 57.166 56.137 56.137
14.714 15.383 15.383 15.383 16.472 14.622 14.622 15.095 15.095 15.095 16.125 16.125 16.125 16.867 16.867 16.867 17.773 17.773 17.773 16.52 16.762 16.762 16.762 18.107 18.107 17.57 18.505 19.214 19.214 20.575 20.575 20.575 21.746 21.746 21.746 22.491 22.491 22.491 24.068 24.068 24.068 26.2 26.2 26.2 27.571 27.571 27.571 29.766 29.766 29.766 29.766 32.868 32.868 32.868 34.599 34.599 34.599 38.483 38.483 38.483 40.907 40.907 40.907 44.593 44.593 44.593 46.533 47.989 47.989 50.244 50.244 50.244 51.979 51.979 51.979 51.464 51.464 51.464 51.464 51.791 49.155 57.166 56.137 56.137
14.714 15.383 15.383 15.383 16.472 16.472 16.472 15.095 15.095 15.095 16.125 16.125 16.125 16.867 16.867 16.867 17.773 17.773 16.52 16.52 16.762 16.762 16.762 18.107 18.107 18.107 19.214 19.214 19.214 20.575 20.575 20.575 21.746 21.746 21.746 22.491 22.491 22.491 24.068 24.068 24.068 26.2 26.2 26.2 27.571 27.571 27.571 29.65 29.766 29.766 29.766 32.868 32.868 32.868 34.599 34.599 34.599 38.483 38.483 38.483 40.907 40.907 40.907 42.896 44.593 44.593 46.533 47.989 47.989 50.244 50.244 50.244 51.979 51.979 51.979 51.464 51.464 51.464 51.464 49.155 57.166 57.166 56.137 56.137
15.7 16.382 16.382 16.382 16.777 16.777 16.777 15.465 15.465 15.465 15.8 15.8 15.8 16.293 16.293 16.293 17.046 17.046 15.833 15.833 17.132 17.132 17.132 18.059 18.059 18.169 19.099 19.099 19.099 20.247 20.247 20.247 21.852 21.852 21.852 23.096 23.096 23.096 25.019 25.019 25.019 26.933 26.933 26.933 28.958 28.958 28.958 28.958 32.007 32.007 32.007 33.199 32.188 32.188 36.16 36.16 36.16 39.342 39.342 39.342 41.565 41.565 41.565 44.72 46.468 46.468 49.127 50.298 50.298 52.263 52.263 52.263 54.477 54.477 53.94 53.806 53.806 53.806 51.155 60.419 60.419 60.419 59.243 59.243
15.7 16.382 16.382 16.382 16.777 16.777 16.777 15.465 15.465 15.465 15.8 15.8 15.8 16.293 16.293 16.293 17.046 17.046 17.046 15.289 17.132 16.554 17.132 18.059 18.169 18.169 19.099 19.099 19.099 20.247 20.247 20.247 21.852 21.266 21.266 23.096 23.096 23.096 25.019 25.019 25.019 26.933 26.933 26.933 28.958 28.958 28.958 28.958 32.007 32.007 31.028 32.188 32.188 32.188 35.083 35.083 35.083 38.199 38.199 38.199 41.565 41.565 41.565 44.72 46.468 46.468 49.127 46.37 50.298 52.263 52.263 52.263 54.477 54.477 53.94 53.806 53.806 51.155 51.155 60.419 60.419 60.419 59.243 59.243
14.226 14.865 14.363 14.547 14.912 14.912 14.912 15.465 15.465 15.465 15.8 15.8 15.8 16.293 16.293 16.293 17.046 17.046 17.046 14.797 16.554 16.554 16.554 17.549 18.169 18.169 19.099 18.454 18.454 20.247 19.684 19.684 21.266 21.266 21.266 23.096 23.096 23.096 25.019 25.019 25.019 26.933 26.933 26.933 28.958 28.958 28.958 28.958 31.028 31.028 31.028 32.188 32.188 32.188 35.083 35.083 35.083 38.199 38.199 38.199 40.373 41.565 41.565 44.72 46.468 46.468 45.999 49.127 50.298 52.263 52.263 52.263 54.477 54.477 53.94 53.806 51.155 51.155 51.155 60.419 60.419 60.419 59.243 59.243
13.738 14.363 14.363 14.363 14.724 14.724 14.912 15.465 15.465 15.465 15.8 15.8 15.8 16.293 16.293 16.293 17.046 16.996 17.608 15.79 16.827 16.827 16.893 17.351 17.351 17.351 18.662 18.662 18.662 20.135 20.827 20.255 21.875 21.875 21.875 23.534 22.926 22.926 23.896 23.896 23.896 25.996 25.996 25.996 28.051 28.051 28.051 28.715 30.659 30.659 30.659 31.751 31.751 31.751 34.671 34.671 34.671 38.142 38.142 38.142 40.679 40.679 40.679 43.341 43.341 43.341 46.754 46.754 50.802 53.898 53.898 53.898 56.308 56.308 56.308 54.154 54.154 54.154 54.154 63.943 63.943 63.943 64.165 64.165
13.738 14.11 14.11 14.11 15.001 15.001 15.001 16.101 16.101 16.301 17.12 17.12 17.12 18.106 18.106 18.106 18.516 18.516 17.963 16.121 16.653 16.653 16.893 17.351 17.351 17.351 18.662 18.662 18.662 20.135 20.135 20.135 21.734 21.734 21.734 23.534 22.926 23.534 24.519 24.519 23.896 25.996 25.996 26.642 28.715 28.715 28.715 28.715 31.345 30.659 30.659 31.751 31.751 31.751 34.671 34.671 34.671 38.142 38.142 38.142 40.679 40.679 40.679 43.341 43.341 43.341 46.754 46.754 46.754 49.649 53.898 53.898 56.308 56.308 53.794 54.154 54.154 54.154 54.154 63.943 63.943 63.943 64.165 64.165
13.738 14.11 14.11 14.11 15.001 15.001 15.001 16.101 16.101 16.101 16.911 16.911 17.12 18.106 18.106 18.106 18.293 18.516 18.516 16.121 16.653 16.378 16.378 17.351 17.351 16.828 18.662 18.662 18.662 20.135 20.135 20.135 21.734 21.734 21.734 23.534 23.534 23.534 24.519 24.519 24.519 25.996 25.996 26.642 28.715 28.715 28.715 28.715 30.659 30.659 30.659 31.751 31.751 31.751 34.671 34.671 34.671 38.142 38.142 38.142 40.679 40.679 40.679 43.341 43.341 43.341 46.754 46.754 46.754 49.649 53.487 53.898 56.308 53.794 49.72 50.578 54.154 54.154 54.154 63.943 63.943 63.943 64.165 64.165
13.738 14.11 14.11 14.11 15.001 15.001 15.001 16.101 16.101 16.101 16.911 16.911 16.911 17.887 17.887 17.887 18.225 18.293 18.293 18.293 18.606 16.378 16.378 16.828 16.828 16.828 18.121 18.121 18.121 20.135 20.135 20.135 21.734 21.734 21.734 23.534 23.534 23.534 24.519 24.519 24.519 26.642 26.642 26.642 28.715 28.715 28.715 28.715 30.659 30.659 30.659 31.751 31.751 31.751 34.671 34.671 34.671 38.142 38.142 38.142 40.679 40.679 40.679 43.341 43.341 43.341 46.754 46.754 46.476 50.786 50.786 55.125 54.699 50.55 50.55 52.573 56.281 56.281 56.281 58.608 58.608 67.661 68.63 68.63
13.629 14.375 14.375 14.375 14.57 14.57 14.57 15.28 15.28 15.28 16.23 16.23 16.23 17.478 17.478 17.478 17.341 17.397 17.397 17.397 18.95 18.95 16.692 18.239 18.239 18.239 19.408 19.408 19.408 19.696 20.261 20.261 21.385 21.385 21.385 22.808 22.808 22.808 24.728 24.728 24.728 26.477 25.83 25.83 28.156 28.156 27.49 27.49 29.517 29.517 29.517 32.931 32.931 32.931 35.209 35.209 35.209 37.535 37.535 37.535 40.472 40.472 40.472 44.206 44.206 44.206 47.094 47.094 47.094 50.786 50.786 47.13 49.253 49.253 50.55 52.577 52.573 56.281 56.281 58.608 58.608 58.608 68.63 68.63
13.629 14.375 14.375 14.375 14.57 14.57 14.57 15.28 15.28 15.28 16.23 16.23 16.23 17.478 17.478 17.478 17.478 17.397 17.397 17.019 18.95 18.95 18.95 20.638 20.638 18.78 19.966 19.408 19.408 19.696 19.696 19.696 20.803 20.803 20.803 22.808 22.206 22.206 24.102 24.102 24.102 25.83 25.83 25.83 27.49 27.49 27.49 27.49 29.517 29.517 29.517 32.931 32.931 32.931 35.209 35.209 35.209 37.535 37.535 37.535 40.472 40.472 40.472 44.206 44.206 44.206 47.094 47.094 47.094 50.786 50.786 45.235 47.35 47.35 47.35 47.35 49.477 56.281 56.281 58.608 58.608 58.608 59.453 68.63
13.629 14.375 14.375 14.375 14.57 14.57 14.57 15.28 15.28 15.28 16.23 16.23 16.23 17.478 17.478 17.478 17.478 17.397 17.397 17.019 18.95 18.95 18.95 20.638 20.638 20.638 21.917 18.205 18.205 17.93 17.93 19.696 20.803 20.803 20.803 22.206 22.206 22.206 24.102 24.102 24.102 25.83 25.83 25.83 27.49 27.49 27.49 27.49 29.517 29.517 29.517 32.931 32.931 32.931 35.209 35.209 35.209 37.535 37.535 37.535 40.472 40.472 40.472 44.206 44.206 44.206 47.094 47.094 47.094 50.786 45.235 45.235 47.35 47.35 47.35 47.35 49.477 49.477 51.369 58.608 58.608 58.608 59.453 68.63
13.4 14.833 14.833 14.833 15.661 15.661 15.661 16.665 16.665 16.665 16.256 16.256 16.256 17.288 17.288 17.288 17.288 18.618 18.345 18.345 18.403 18.403 18.403 19.676 19.676 19.676 20.6 17.048 17.048 18.282 18.282 18.282 19.374 19.374 19.374 22.744 22.744 22.744 24.957 24.957 24.957 26.753 26.753 26.753 28.924 28.924 28.924 28.924 30.54 30.54 30.54 32.473 32.473 32.473 35.112 35.112 35.112 38.632 38.632 38.632 42.164 42.164 42.164 45.111 45.111 45.111 49.041 49.041 49.041 45.135 45.135 45.135 46.492 46.492 46.492 46.492 49.326 49.326 49.326 53.126 55.023 60.04 61.465 61.465
13.4 14.702 14.702 14.702 15.524 15.524 15.661 16.665 16.665 16.665 16.256 16.256 16.256 17.288 17.288 17.288 17.288 18.618 18.345 18.345 18.403 18.403 18.403 19.676 19.676 19.676 17.048 17.048 17.048 18.282 18.282 18.282 19.374 19.374 19.374 21.344 21.344 21.344 23.433 23.433 23.433 26.753 26.753 25.126 27.176 29.598 29.598 28.924 30.54 30.54 30.54 32.473 32.473 32.473 35.112 35.112 35.112 38.632 38.632 38.632 42.164 42.164 42.164 45.111 45.111 45.111 49.041 49.041 43.566 45.135 45.135 45.135 46.492 46.492 46.492 46.492 49.326 49.326 49.326 53.126 55.023 55.023 56.409 56.409
15.132 14.702 14.702 14.702 15.524 15.524 15.524 16.52 16.52 16.665 16.256 16.256 16.256 17.288 17.288 17.288 15.358 18.345 18.345 18.345 18.403 16.452 18.403 19.676 19.676 16.258 17.048 17.048 17.048 18.282 18.282 18.282 19.374 19.374 19.374 21.344 21.344 21.344 23.433 23.433 23.433 25.126 25.126 25.126 27.176 27.176 27.176 27.176 28.698 31.233 31.233 32.473 32.473 32.473 35.112 35.112 35.112 38.632 38.632 38.632 42.164 42.164 42.164 45.111 43.142 39.811 43.566 43.566 43.566 45.135 45.135 45.135 46.492 46.492 46.492 46.492 49.326 49.326 49.326 53.126 53.126 53.126 54.503 54.503
13.4 14.702 14.702 14.702 15.524 15.524 15.524 16.52 16.52 16.52 16.114 16.247 17.352 18.066 18.066 16.089 15.879 16.825 18.782 16.825 17.853 17.853 17.853 20.122 20.122 16.644 15.459 17.359 17.359 18.829 18.829 18.829 19.609 19.609 19.609 20.708 20.708 20.708 22.494 22.494 22.494 23.824 23.824 23.824 26.052 26.052 26.052 26.052 28.411 28.411 28.411 33.378 30.7 33.378 35.338 35.338 35.338 38.864 38.864 38.864 42.342 42.342 42.342 39.117 39.117 39.117 42.404 42.404 42.404 44.471 44.471 44.471 46.239 46.239 46.239 46.239 49.117 49.117 49.117 52.834 52.834 52.834 54.455 54.455
14.24 14.686 14.686 14.686 14.803 14.803 14.803 15.696 15.696 15.696 17.203 17.203 15.288 16.089 16.089 16.089 15.879 16.825 16.825 16.825 17.853 17.853 17.853 18.085 18.085 18.085 18.051 20.091 17.359 18.829 18.829 18.829 19.609 19.609 19.609 20.708 20.708 20.708 22.494 22.494 22.494 23.824 23.824 23.824 26.052 26.052 26.052 26.052 28.411 28.411 25.97 30.7 30.7 30.7 36.069 35.338 35.338 38.864 35.84 36.564 42.342 39.856 37.184 39.117 39.117 39.117 42.404 42.404 42.404 44.471 44.471 44.471 46.239 46.239 46.239 46.239 49.117 49.117 49.117 52.834 52.834 52.834 54.455 54.455
14.24 14.686 14.686 14.686 14.803 14.803 14.803 13.883 15.696 15.696 17.203 17.203 15.288 15.943 16.089 15.879 15.879 16.825 16.825 16.825 17.853 17.853 17.853 18.085 18.085 18.085 18.051 20.091 20.091 21.738 18.829 18.829 19.609 19.609 19.609 20.708 20.708 20.708 22.494 22.494 22.494 23.824 21.565 21.565 26.003 26.052 26.052 26.052 28.411 25.97 25.97 28.179 28.179 28.179 33.229 33.229 33.229 36.564 36.564 36.564 39.856 39.856 37.184 39.117 39.117 39.117 42.404 42.404 42.404 44.471 44.471 44.471 46.239 46.239 46.239 46.239 49.117 49.117 49.117 52.834 52.834 52.834 54.455 54.455
14.24 14.686 14.686 14.686 14.803 14.803 14.803 13.883 15.696 15.696 17.203 17.203 17.203 17.911 15.943 15.73 17.619 16.669 16.669 16.825 17.853 17.689 17.853 18.085 18.085 17.289 18.051 18.051 20.091 21.738 21.738 21.738 22.621 22.621 19.609 20.708 20.708 20.708 22.494 22.494 22.494 23.824 21.565 21.565 21.565 26.052 26.052 26.052 28.411 25.97 25.97 28.179 28.179 30.7 33.229 33.229 33.229 36.564 36.564 36.564 39.856 39.856 37.007 38.925 38.925 38.925 42.438 42.438 42.438 44.074 44.074 44.074 47.926 47.926 47.926 47.926 51.77 51.77 51.77 53.568 53.568 53.568 54.99 54.99
15.101 15.654 15.654 15.654 16.023 14.209 14.209 13.883 15.688 15.688 16.643 16.643 16.643 17.338 16.982 16.982 16.982 18.51 16.564 16.564 17.45 17.45 17.45 18.681 18.031 18.031 18.938 18.938 18.938 21.332 21.332 21.332 22.71 22.71 22.71 24.677 21.444 21.444 23.235 23.235 23.235 24.911 24.911 22.617 22.617 24.148 24.148 24.148 25.381 25.381 25.381 27.566 30.088 30.088 32.697 32.697 32.697 35.631 35.631 35.631 37.921 37.921 35.189 38.925 38.925 38.925 42.438 42.438 42.438 44.074 44.074 44.074 47.926 47.926 47.926 47.926 51.77 51.77 51.77 53.568 53.568 53.568 54.99 54.99
15.101 16.245 15.654 15.654 16.023 16.023 14.209 13.883 13.883 15.688 14.764 14.764 16.643 17.338 16.982 16.982 16.982 18.51 18.51 16.564 17.45 17.45 17.45 18.681 18.681 18.681 18.938 18.938 18.938 19.221 21.332 21.332 22.71 22.71 22.71 24.677 18.213 18.213 19.844 23.235 23.235 24.911 24.911 24.911 24.911 24.148 24.148 24.148 25.381 25.381 25.381 27.566 27.566 30.088 32.697 32.697 32.697 35.631 35.631 35.631 37.921 37.921 35.189 38.925 38.925 38.925 42.438 42.438 42.438 44.074 44.074 44.074 47.926 47.926 47.926 47.926 51.77 51.77 51.77 53.568 53.568 53.568 54.99 54.99
15.101 16.245 16.245 16.245 16.629 16.023 16.023 13.883 13.883 13.883 14.764 14.764 14.764 15.127 15.127 15.127 16.982 18.51 18.51 16.564 17.45 17.45 17.45 18.681 18.681 18.681 19.614 19.614 18.938 19.221 19.221 19.221 20.528 20.528 22.71 24.677 18.213 18.213 19.844 19.844 19.844 21.372 21.372 21.372 21.372 24.148 24.148 24.148 25.381 25.381 25.381 27.566 27.566 27.566 32.697 32.697 32.697 35.631 35.631 35.631 37.921 35.189 35.189 38.925 38.925 38.925 42.438 42.438 42.438 44.074 44.074 44.074 47.926 47.926 47.926 47.926 51.77 51.77 51.77 53.568 53.568 53.568 54.99 54.99
15.487 16.088 16.088 16.088 16.64 16.64 16.64 17.046 15.158 15.158 15.735 15.735 15.543 15.841 15.841 15.841 17.726 17.954 17.954 17.954 19.703 17.696 17.696 19.245 19.245 19.245 20.526 20.526 20.526 20.563 20.563 20.563 20.805 20.805 22.997 24.769 18.294 18.294 19.222 19.222 19.222 20.694 20.694 20.694 18.488 21.162 24.821 24.821 26.547 26.547 26.547 28.4 28.4 28.4 30.505 33.107 30.505 36.07 36.07 36.07 38.732 36.008 36.008 37.873 37.873 37.873 41.04 41.04 41.04 45.185 45.185 45.185 48.308 48.308 48.308 48.308 51.618 51.618 51.618 55.69 55.69 55.69 57.157 57.157
15.487 16.088 16.088 16.088 16.64 16.64 16.64 17.684 17.046 15.158 15.735 15.735 15.543 15.841 15.841 15.841 17.726 17.954 17.954 17.954 19.703 19.703 19.703 19.245 21.334 21.334 22.679 20.526 20.526 21.285 20.563 20.563 20.805 20.805 22.997 24.769 24.769 18.294 19.222 19.222 19.222 20.694 18.488 18.488 18.488 21.162 23.484 23.484 22.725 26.547 26.547 28.4 28.4 28.4 30.505 30.505 30.505 33.407 33.407 33.407 36.008 36.008 36.008 37.873 37.873 37.873 41.04 41.04 41.04 45.185 45.185 45.185 48.308 48.308 48.308 48.308 51.618 51.618 51.618 55.69 55.69 55.69 57.157 57.157
15.487 16.088 16.088 16.088 16.64 16.64 16.64 17.684 17.046 15.158 17.666 15.543 15.543 15.841 15.841 15.841 17.726 17.954 17.954 17.954 19.703 19.703 19.703 21.334 21.334 21.334 22.679 22.679 22.679 23.488 20.563 20.563 20.805 20.805 22.997 24.769 24.769 18.294 19.222 19.222 17.109 18.488 18.488 18.488 18.488 21.162 23.484 23.484 25.119 25.119 25.119 30.928 30.928 28.4 30.505 30.505 30.505 28.993 28.993 28.993 31.381 31.381 31.381 37.873 37.873 37.873 41.04 41.04 41.04 45.185 45.185 45.185 48.308 48.308 48.308 48.308 51.618 51.618 51.618 55.69 55.69 55.69 57.157 57.157
15.487 16.088 16.088 16.088 16.64 16.646 16.714 17.478 17.478 16.846 18.029 17.797 15.923 16.386 16.395 16.395 16.395 18.262 18.262 18.262 19.254 19.254 19.254 20.755 20.755 20.755 22.452 22.452 22.452 23.799 23.035 20.857 21.552 21.552 23.779 25.613 25.613 19.025 17.464 17.464 17.464 19.279 19.279 19.279 19.279 20.364 20.364 20.364 21.388 21.388 21.388 26.556 26.556 24.093 26.706 26.706 26.706 28.242 28.242 28.242 31.008 31.008 31.008 39.664 39.664 39.664 42.598 42.598 42.598 45.111 45.111 45.111 48.631 48.66 48.66 48.66 52.802 52.802 52.802 57.143 57.143 57.143 59.37 59.37
15.632 16.289 16.289 16.251 16.714 16.714 16.714 17.478 17.478 17.478 18.481 17.797 18.481 15.923 16.395 16.395 16.395 16.337 18.262 18.262 19.254 19.254 19.254 20.755 20.755 20.755 22.452 22.452 22.452 23.799 23.799 23.799 23.779 23.779 23.779 25.613 25.613 19.025 17.464 17.464 17.464 19.279 19.279 19.279 19.279 20.364 20.364 20.364 21.388 21.388 21.388 26.556 24.093 24.093 26.706 26.706 26.706 28.242 28.242 28.242 31.008 31.008 31.008 34.784 39.664 39.664 42.598 42.598 42.598 45.111 45.111 45.111 45.111 48.66 48.66 48.66 52.802 52.802 52.802 57.143 57.143 57.143 59.37 59.37
15.632 16.289 16.289 16.289 16.753 16.714 16.714 17.478 17.478 17.478 18.481 18.481 18.481 17.797 18.309 16.395 16.395 16.337 16.337 18.262 19.254 19.254 19.254 20.755 20.755 20.755 22.452 22.452 22.452 23.799 23.799 23.799 24.566 23.779 23.779 25.613 25.613 19.025 17.464 17.464 17.464 19.279 19.279 19.279 19.279 20.364 20.364 20.364 21.388 21.388 21.388 24.093 24.093 24.093 26.706 26.706 26.706 28.242 28.242 28.242 31.008 31.008 31.008 34.784 34.784 34.784 42.598 42.598 42.598 45.111 45.111 45.111 45.111 48.66 48.66 48.66 52.802 52.802 52.802 57.143 57.143 57.143 59.37 59.37
15.632 16.289 16.289 16.289 16.753 16.753 16.753 17.478 17.478 17.189 18.481 18.481 18.481 18.481 19.011 18.309 18.309 16.337 16.337 16.337 17.269 17.269 19.254 20.755 20.755 20.755 22.452 22.452 22.452 23.799 23.799 23.799 24.566 24.566 23.779 25.613 25.613 22.924 19.602 17.464 17.464 19.279 19.279 19.279 19.279 20.364 20.364 20.364 21.388 21.388 21.388 24.093 24.093 24.093 26.706 26.706 26.61 28.203 28.203 28.203 30.21 30.21 30.21 34.081 34.081 34.081 37.287 37.287 37.287 41.296 41.296 46.654 46.654 50.23 50.23 50.23 52.325 52.325 52.325 55.3 55.3 55.3 58.676 58.676
15.377 16.251 16.251 16.251 16.977 16.977 16.977 17.82 17.52 17.52 17.902 17.902 17.902 17.902 19.116 19.116 19.116 16.978 16.978 16.978 17.596 17.596 19.594 20.637 20.637 20.637 21.326 21.326 21.326 23.806 23.806 23.806 24.825 21.481 21.481 22.824 22.824 22.824 23.891 23.891 23.891 19.476 19.476 19.476 19.476 21.321 21.321 21.321 22.567 22.567 22.567 24.108 24.108 24.108 25.337 25.337 25.337 28.203 28.203 28.203 30.21 30.21 30.21 34.081 34.081 34.081 37.287 37.287 37.287 41.296 41.296 46.654 46.654 50.23 50.23 50.23 52.325 52.325 52.325 55.3 55.3 55.3 58.676 58.676
