conversion_utilities/recharge_inches_per_year_baseline_rainfall.asc
ncols 887
nrows 689
xllcorner 574000
yllcorner 2350025
cellsize 75
NODATA_value -9999 
[rows 37 to 73 of 689, columns 336 to 419 of 887]
0 0 0 0 0 0 0 0 0 0 0 0 0 0 0 0 0 0 0 0 0 0 0 0 0 9.264 6.217 6.217 6.401 6.401 6.401 6.455 6.694 6.694 6.694 6.543 6.856 7.104 7.226 7.226 5.515 7.922 7.922 8.577 8.607 7.951 7.951 7.977 7.977 7.977 7.995 7.995 7.995 7.602 7.894 9.853 10.181 9.742 9.742 9.803 9.803 10.741 9.241 9.26 8.593 8.593 8.347 10.669 10.669 8.28 7.316 7.316 7.22 7.22 8.037 7.774 6.986 6.986 9.916 8.281 8.281 7.971 8.288 8.288
0 0 0 0 0 0 0 0 0 0 0 0 0 0 0 0 0 0 0 0 0 0 0 0 9.653 6.474 6.217 6.217 6.401 6.401 6.401 6.455 6.694 6.694 6.694 6.784 6.784 7.104 7.226 7.786 7.786 8.577 8.577 8.577 8.607 8.607 8.607 7.977 7.977 7.977 8.649 7.995 9.986 9.853 9.853 9.853 10.181 9.742 9.742 9.803 9.803 10.741 10.598 10.619 9.26 8.291 10.669 10.669 10.669 8.28 7.316 7.316 7.22 7.22 7.22 6.986 6.986 6.986 9.916 9.916 8.281 8.288 8.288 8.288
0 0 0 0 0 0 0 0 0 0 0 0 0 0 0 0 0 0 0 0 0 0 0 9.653 6.494 6.474 6.474 6.217 6.401 6.401 6.401 7.23 7.23 7.23 7.23 7.323 7.323 7.323 7.786 7.786 7.786 8.577 9.926 9.926 9.953 9.953 8.607 8.631 8.631 9.972 9.986 9.986 9.986 9.853 9.853 9.853 10.181 7.6 9.742 9.803 9.803 8.487 10.741 10.619 10.619 10.619 10.669 10.669 10.669 11.296 7.316 7.316 7.22 7.22 7.22 6.986 6.986 8.398 9.916 8.611 8.611 8.288 8.288 8.288
0 0 0 0 0 0 0 0 0 0 0 0 0 0 0 0 0 0 0 0 0 9.974 7.466 6.663 6.663 6.778 6.778 6.509 6.797 6.797 7.61 9.311 9.311 8.088 8.088 7.871 9.06 7.871 10.141 10.141 10.141 13.599 11.022 11.022 11.024 11.024 11.024 11.028 11.028 11.028 10.844 10.844 10.844 10.875 10.875 10.875 8.596 8.188 10.471 10.489 8.218 9.086 11.475 11.196 11.196 11.196 11.564 11.564 11.564 8.643 7.644 7.644 7.329 7.329 7.329 7.517 9.017 9.017 8.789 8.789 8.789 8.714 8.714 8.714
0 0 0 0 0 0 0 0 0 0 0 0 0 0 0 0 0 0 9.941 7.528 7.528 7.545 7.466 7.466 6.91 6.778 6.778 6.509 7.61 7.61 7.61 9.311 9.311 9.311 9.311 9.06 9.06 9.06 10.141 10.141 10.141 13.599 11.022 7.906 11.024 11.024 11.024 11.028 11.028 11.028 10.844 10.844 8.508 8.543 10.875 10.875 8.596 8.596 10.471 10.489 8.218 9.086 11.475 11.196 11.196 11.196 11.564 11.564 11.564 8.319 7.644 7.644 7.329 7.329 7.329 7.517 9.017 9.017 8.789 8.789 8.789 8.714 8.714 8.714
0 0 0 0 0 0 0 0 0 0 0 0 0 0 0 0 0 9.941 7.49 7.528 7.528 7.545 6.91 6.91 6.663 6.778 6.778 6.509 7.61 7.61 7.61 9.311 9.311 9.311 9.311 9.06 9.06 9.06 9.725 9.725 10.141 7.439 7.906 7.906 11.024 11.024 11.024 11.028 7.934 7.934 7.808 10.844 8.508 8.543 10.875 10.875 8.596 8.188 8.188 10.489 8.218 9.086 9.086 11.196 11.196 11.196 11.564 11.564 11.564 8.319 7.644 7.644 7.329 7.329 8.803 9.017 9.017 9.017 8.789 8.789 8.789 8.714 8.714 8.714
0 0 0 0 0 0 0 0 0 0 0 0 0 0 0 9.823 6.677 7.49 7.49 7.528 6.967 6.982 6.91 6.663 6.663 7.587 7.587 7.298 7.61 7.61 8.773 9.266 9.311 9.311 9.311 9.06 8.548 9.06 9.725 9.725 9.725 7.439 10.089 7.906 11.024 11.024 7.915 7.934 7.934 7.934 7.808 8.508 8.508 8.543 10.875 10.875 10.935 8.188 8.188 7.538 7.538 8.37 9.086 8.884 11.155 12.19 11.9 11.9 11.9 12.664 9.002 9.002 7.969 7.969 9.545 9.333 9.333 8.471 8.492 8.492 9.354 9.154 9.154 9.154
0 0 0 0 0 0 0 0 0 0 0 0 0 0 10.283 6.908 6.735 6.809 7.634 7.865 7.281 7.281 7.106 7.122 7.968 8.393 8.393 8.393 8.178 8.178 9.416 9.908 9.96 9.96 7.261 9.375 9.375 7.853 10.193 10.193 10.193 8.093 10.894 8.575 8.631 8.631 8.631 8.538 8.538 8.538 8.457 9.202 9.202 8.976 11.39 11.39 11.569 8.693 8.693 8.077 8.792 8.954 9.707 9.694 9.694 12.19 11.9 11.9 11.9 12.664 10.109 9.002 8.661 8.661 9.545 9.333 9.333 8.471 9.354 9.354 9.354 9.154 9.154 9.154
0 0 0 0 0 0 0 0 0 0 0 0 0 0 10.186 6.834 6.735 6.735 6.735 7.281 7.281 7.281 7.106 7.106 7.968 9.652 9.652 9.652 9.416 9.416 9.416 9.416 7.261 7.261 9.404 9.375 9.375 7.853 8.086 10.193 10.193 7.725 10.438 10.438 8.631 8.631 8.631 8.538 8.538 9.292 9.202 9.202 9.202 8.976 11.39 11.39 11.569 8.387 7.978 8.077 8.792 9.707 9.707 9.694 9.694 12.19 11.9 11.9 11.9 12.664 10.109 9.002 8.661 8.661 9.545 9.333 9.333 9.333 9.354 9.354 9.354 9.154 9.154 10.226
0 0 0 0 0 0 0 0 0 0 0 0 0 0 10.186 6.834 6.735 6.735 6.735 7.204 7.281 7.865 7.951 7.106 9.157 9.652 9.652 9.652 9.416 9.416 9.416 9.416 7.872 7.872 7.261 9.375 9.375 9.375 8.086 8.086 8.086 8.353 10.438 10.438 8.631 8.631 8.631 8.538 8.538 8.538 9.202 9.202 9.202 8.976 8.976 8.976 9.12 9.12 7.978 8.077 8.792 8.792 9.707 8.948 12.19 12.19 11.9 11.9 11.9 12.664 12.664 9.002 8.661 8.661 9.545 9.333 8.471 7.797 9.354 9.354 9.354 9.154 9.154 10.226
0 0 0 0 0 0 0 0 0 0 0 0 0 11.047 10.436 7.025 7.11 7.11 7.11 7.708 8.32 8.407 10.339 10.339 10.339 10.763 7.882 7.882 7.526 7.526 8.158 8.158 8.332 7.692 7.692 10.052 10.052 10.052 8.375 8.375 8.375 8.864 8.206 11.06 9.092 9.092 9.092 10.015 9.217 9.217 9.921 9.921 9.921 9.761 9.761 9.761 9.742 8.972 8.972 8.629 8.629 8.629 9.552 9.509 12.905 12.905 12.837 12.837 12.837 12.837 12.837 9.143 9.172 9.172 10.095 9.115 9.115 8.403 9.929 9.929 9.929 10.794 10.794 10.794
0 0 0 0 0 0 0 0 0 0 0 0 0 10.436 7.025 7.025 7.11 7.11 7.967 8.32 9.585 9.68 10.339 10.339 7.54 7.864 7.882 7.882 7.526 7.526 8.158 8.158 8.332 7.692 7.692 10.052 10.052 10.052 9.967 8.375 8.375 8.864 8.206 11.06 9.092 9.092 9.092 10.015 9.217 10.015 9.921 9.921 9.921 9.761 9.761 9.761 9.742 8.972 8.972 9.062 9.062 9.062 9.552 9.509 9.509 12.905 12.837 12.837 12.837 12.837 12.837 9.143 9.172 9.172 10.095 9.115 8.403 8.403 9.929 11.072 11.072 10.794 10.794 10.794
0 0 0 0 0 0 0 0 0 0 0 0 10.499 7.025 7.025 7.025 7.967 7.967 9.19 9.585 9.585 6.942 7.54 7.54 7.54 7.864 7.78 7.78 7.735 7.526 8.158 8.158 7.692 8.332 8.332 7.798 10.052 10.052 9.967 8.375 8.375 8.864 8.864 11.06 11.031 9.092 9.092 9.217 10.015 9.217 9.921 9.921 9.921 9.761 9.761 9.761 9.742 8.972 8.972 9.062 9.062 9.062 9.062 9.509 9.509 9.509 12.837 12.837 12.837 12.837 12.837 9.143 9.172 9.172 9.172 9.115 8.403 8.403 9.929 11.072 11.072 10.794 10.794 10.794
0 0 0 0 0 0 0 0 0 0 0 10.421 6.998 7.378 8.268 8.268 8.963 10.316 8.13 10.42 10.42 10.42 7.709 7.709 7.709 8.052 8.052 8.052 8.35 8.801 8.801 8.801 8.71 8.048 8.048 8.326 8.326 10.696 10.426 8.778 8.778 9.253 9.253 8.571 11.759 11.759 11.759 11.994 10.774 9.931 10.728 10.728 10.728 10.66 10.66 10.66 10.559 9.744 9.744 9.837 9.837 9.837 9.837 10.346 10.346 10.346 13.537 13.537 10.846 14.062 14.062 9.301 9.023 9.777 10.748 9.761 10.117 10.117 9.917 11.702 11.702 11.489 11.489 11.268
0 0 0 0 0 0 0 0 11.46 10.653 10.421 6.998 6.998 8.268 8.268 9.538 10.316 8.13 8.13 8.222 8.222 8.222 8.358 7.709 7.709 8.052 8.052 8.052 8.35 8.126 8.801 8.801 8.71 8.048 8.048 8.326 10.696 10.696 10.426 8.778 8.778 9.253 9.253 8.571 12.675 12.675 11.759 11.994 12.921 9.931 10.728 7.026 10.728 10.66 10.66 10.66 10.559 9.744 9.744 9.837 9.837 9.837 9.837 10.346 10.346 13.966 13.537 10.846 10.846 14.062 11.288 9.301 9.023 9.777 9.777 10.117 10.117 11.941 11.702 11.702 11.702 9.733 11.268 11.268
0 0 0 0 10.638 10.638 10.638 10.824 7.262 6.653 6.431 6.998 6.998 8.268 8.268 9.538 8.13 7.488 8.13 8.222 8.222 8.222 7.709 7.709 7.709 8.052 8.052 8.052 8.35 8.35 8.801 8.801 8.71 8.71 8.048 8.326 10.696 10.696 10.426 8.778 8.778 9.253 9.253 9.253 9.432 12.675 11.759 12.921 12.921 10.774 10.728 10.728 10.728 10.66 10.66 10.66 10.559 9.744 9.744 9.837 9.837 9.837 9.837 10.346 10.346 11.181 10.846 10.846 10.846 11.288 11.288 9.301 9.023 9.023 9.023 10.117 10.117 10.117 9.917 9.917 9.917 9.733 9.532 11.268
0 0 0 11.163 10.638 10.638 7.124 7.262 7.262 6.653 6.431 6.431 6.998 8.268 9.538 9.538 8.13 7.488 7.488 8.222 8.222 8.222 7.709 7.709 7.709 8.052 8.052 8.052 8.35 8.35 8.126 8.801 8.71 8.71 8.048 9.004 10.696 10.696 10.426 8.778 8.778 9.253 9.253 9.253 9.432 12.675 12.675 12.921 10.774 10.774 10.728 10.728 10.728 10.66 10.66 10.66 10.559 9.744 10.498 10.656 10.656 10.656 10.656 11.183 11.183 12.067 11.875 11.875 11.875 11.88 11.88 11.88 10.775 10.775 10.775 11.006 10.983 10.983 10.575 10.575 10.575 11.796 11.796 11.796
0 0 0 10.908 10.992 7.375 7.375 7.538 7.538 6.907 6.902 6.902 7.762 9.84 10.602 8.357 7.806 7.806 7.806 7.872 8.54 8.54 8.739 8.739 8.739 9.102 8.408 8.408 8.763 8.763 8.763 9.23 9.374 9.374 9.374 9.622 8.907 11.397 9.725 9.725 9.725 9.709 9.709 9.709 10.354 10.354 13.772 13.835 10.678 10.678 11.653 11.653 11.653 11.551 11.551 11.551 11.443 11.443 11.443 11.473 10.656 10.656 10.656 11.183 11.183 11.183 11.875 11.875 11.875 11.88 11.88 11.88 11.615 10.775 10.775 11.006 11.006 10.983 10.575 10.575 10.372 11.796 11.796 10.801
0 0 0 10.908 10.992 7.375 7.375 7.538 7.538 7.538 6.902 7.762 8.99 9.84 9.84 7.697 7.805 7.172 7.172 7.872 8.54 8.54 8.739 8.739 8.739 9.102 9.102 8.408 8.763 8.763 8.763 9.23 9.374 9.374 9.374 9.622 8.907 9.622 9.725 9.725 9.725 9.709 9.709 9.709 10.354 10.354 11.507 11.569 11.569 10.678 11.653 11.653 12.8 11.551 11.551 11.551 11.443 11.443 11.443 11.443 10.656 10.656 10.656 10.633 11.183 11.183 11.875 11.875 11.875 11.88 11.88 11.88 10.775 10.775 10.775 11.006 11.006 10.983 10.575 10.372 10.372 10.011 11.796 11.796
0 0 0 10.908 7.375 7.375 7.375 7.538 7.822 7.822 7.762 7.762 8.99 9.84 9.84 9.84 9.965 7.805 7.172 7.235 8.54 7.872 8.739 8.739 8.739 9.102 8.408 8.408 8.763 8.763 8.763 8.763 9.374 9.374 9.374 9.622 8.907 9.622 9.725 9.725 9.725 9.709 9.709 9.709 10.354 10.354 13.772 10.678 11.569 11.569 10.763 11.653 12.8 11.551 11.551 11.551 11.443 11.443 11.443 10.578 10.656 10.656 10.656 10.633 11.183 11.183 11.875 11.875 11.875 11.88 11.88 11.017 10.775 10.775 10.775 11.006 11.006 11.006 11.395 10.372 10.372 10.801 11.796 11.796
0 0 0 11.316 7.737 7.737 7.737 8.165 8.165 8.818 10.849 8.685 10.039 9.798 9.798 9.798 9.866 9.866 7.732 7.746 7.746 8.424 8.759 9.48 9.48 9.675 9.675 8.945 9.385 9.385 9.385 9.385 9.627 10.119 10.119 10.161 9.415 10.161 10.624 10.624 10.624 10.39 10.39 10.39 11.223 11.223 13.786 12.53 12.53 12.53 12.616 12.616 13.832 12.514 12.514 12.514 12.272 11.357 11.357 11.357 11.493 11.493 11.493 12.009 12.945 12.945 12.448 12.448 12.448 12.698 12.698 11.787 12.494 12.494 12.494 11.633 11.612 11.612 11.744 11.744 11.744 12.641 12.641 12.641
0 0 0 11.316 7.737 7.737 8.028 8.165 8.165 10.164 10.849 10.039 10.039 9.798 9.798 9.798 9.866 9.866 9.866 8.414 7.746 7.746 8.759 8.759 8.759 9.675 9.675 9.675 9.385 9.385 9.385 9.385 9.372 10.119 10.119 10.161 10.161 10.161 9.86 9.86 10.624 10.39 10.39 10.39 11.223 11.223 14.814 11.581 12.53 12.53 12.616 12.616 13.832 13.715 12.514 12.514 12.272 12.272 11.357 11.357 11.493 11.493 11.493 12.009 12.945 12.945 12.448 12.448 12.448 12.698 12.698 12.698 12.494 12.494 12.494 12.522 12.503 11.394 11.744 11.744 14.018 13.846 13.846 13.846
0 0 11.316 7.614 7.737 8.028 8.028 8.165 8.165 10.164 9.433 8.685 10.039 9.798 7.665 9.798 9.866 9.866 9.866 8.414 8.414 7.746 8.057 8.057 8.057 9.675 9.675 9.675 9.385 9.385 9.385 9.385 9.372 10.119 10.119 10.161 10.161 9.415 9.86 9.86 10.624 10.39 10.39 10.39 11.223 11.223 11.223 11.581 11.581 12.53 12.616 13.832 13.832 13.715 12.514 12.514 12.272 12.272 12.272 12.272 12.413 11.493 11.493 12.009 12.945 12.945 12.448 12.448 12.448 12.698 12.698 12.698 12.494 12.494 12.494 12.522 12.503 11.394 11.744 11.744 14.018 13.846 13.846 13.846
0 11.316 7.57 7.744 8.109 8.411 7.854 8.183 8.845 8.003 9.207 9.207 9.207 9.337 9.337 8.455 10.86 10.86 10.86 10.84 8.548 8.548 9.139 8.427 8.427 9.536 9.536 9.536 9.607 9.677 9.677 9.677 10.033 10.817 10.817 10.792 10.792 10.014 11.29 10.491 11.29 11.337 13.558 13.558 14.167 14.167 14.167 13.762 13.762 13.762 13.607 14.884 14.884 15.076 13.793 13.793 13.281 13.281 13.281 13.281 13.536 13.182 13.182 12.259 13.86 13.86 13.648 13.648 13.648 13.628 13.628 13.628 13.343 13.343 13.343 13.419 13.122 12.219 12.835 12.835 15.252 14.876 14.876 14.876
0 11.468 7.744 7.744 8.411 7.854 7.854 8.845 8.845 8.003 8.337 9.207 9.207 9.493 9.337 9.337 8.548 8.548 10.86 10.84 8.548 8.548 9.139 8.427 8.427 9.507 8.778 8.778 8.778 9.642 9.642 8.91 9.497 10.033 10.817 10.792 10.792 10.792 10.491 10.491 10.491 13.558 13.558 13.558 14.167 14.167 14.167 12.533 13.762 13.762 13.607 14.884 14.884 15.076 13.793 13.793 13.281 13.281 13.281 13.281 14.189 14.189 14.189 13.86 13.86 13.86 13.648 13.648 13.648 13.628 13.628 13.628 13.343 13.343 12.4 12.239 13.122 12.219 12.835 15.252 15.252 14.876 14.876 14.876
11.378 7.222 7.744 8.034 7.854 7.854 8.501 8.003 8.003 8.003 8.337 8.337 9.207 9.493 9.493 9.337 9.431 9.431 10.86 10.84 10.84 8.548 9.139 8.427 8.427 9.507 9.507 9.507 8.778 9.642 9.642 9.642 9.497 9.497 10.817 10.792 10.792 10.792 10.491 10.491 12.318 13.558 13.558 13.558 14.167 14.167 14.167 14.86 19.326 15.054 14.884 14.884 14.884 15.076 13.793 13.793 13.281 13.281 13.281 13.281 14.189 14.189 14.189 13.86 13.86 13.86 13.648 13.648 13.648 13.628 13.628 13.628 13.343 13.343 12.169 12.239 13.122 13.122 12.835 15.252 15.252 14.876 14.876 14.876
7.145 7.222 7.222 7.499 7.854 8.501 8.501 8.003 8.003 8.003 8.337 8.337 8.337 8.603 9.493 9.493 9.431 9.431 8.548 8.548 10.84 8.548 9.139 9.139 9.139 9.507 9.507 9.507 9.507 9.642 9.642 9.642 9.497 9.497 10.817 10.014 10.792 10.792 10.491 12.318 12.318 13.558 13.558 13.558 14.167 14.167 14.167 14.86 14.86 16.554 14.884 14.884 14.789 15.988 14.658 14.658 14.858 14.858 14.858 14.858 15.347 15.347 15.347 15.353 15.353 15.353 14.694 14.694 14.694 15.041 15.041 15.041 14.406 14.406 14.094 13.145 13.145 14.07 16.308 16.308 14.96 14.834 14.834 16.175
7.349 7.487 7.773 7.773 8.2 8.864 8.019 8.635 8.635 8.635 8.704 8.704 9.606 9.056 9.984 9.819 10.087 10.087 9.154 9.289 9.289 11.73 9.238 9.238 9.238 9.982 9.982 9.982 9.982 10.342 10.342 10.342 9.993 9.993 11.366 10.693 11.508 10.693 11.215 13.12 13.12 14.321 14.321 14.321 15.159 15.159 15.159 15.731 15.731 17.498 15.941 15.941 15.941 15.988 14.658 17.532 14.858 14.858 14.858 14.858 15.347 15.347 15.347 15.353 15.353 15.353 14.694 14.694 14.694 15.041 15.041 15.041 14.406 14.094 14.094 13.145 13.145 16.652 16.308 14.96 14.96 14.834 14.834 16.175
7.349 7.773 7.773 7.773 8.864 8.019 8.019 8.635 7.943 7.943 8.008 8.704 9.606 9.984 9.984 9.984 10.087 10.087 10.087 10.225 10.225 9.289 9.238 9.238 9.238 9.982 9.982 9.228 9.982 10.342 10.342 9.573 9.993 9.993 11.366 10.693 11.508 10.693 11.215 13.12 13.12 13.083 14.321 14.321 13.885 13.885 15.159 15.731 15.731 17.498 17.489 17.489 15.941 15.988 15.988 17.532 17.742 17.742 14.858 14.858 15.347 15.347 15.347 15.353 15.353 15.353 14.694 14.694 14.694 15.041 15.041 15.041 14.094 14.094 13.145 16.652 15.285 16.652 16.308 14.96 14.96 14.834 14.834 14.834
7.349 7.773 8.411 8.411 8.019 8.019 7.364 7.943 7.943 7.943 8.008 8.008 8.008 9.984 9.984 9.984 10.087 10.087 10.087 10.225 10.225 9.289 9.238 9.238 9.238 9.982 9.982 9.982 9.228 9.573 9.573 9.573 9.993 11.795 11.795 13.776 13.776 10.693 11.215 13.12 13.12 14.321 14.321 14.321 13.885 13.885 15.159 15.731 15.731 17.498 17.489 17.489 15.941 15.988 17.532 17.532 17.742 17.742 14.858 15.561 15.347 15.347 15.347 15.353 15.353 15.353 14.694 14.694 14.694 15.041 15.041 15.041 14.094 14.094 14.094 16.652 15.285 15.285 16.308 14.96 16.308 16.175 14.641 15.973
8.332 8.802 8.802 7.961 8.325 8.325 7.65 8.224 8.224 8.224 8.541 8.541 8.541 8.821 10.529 10.529 10.618 10.618 9.65 9.987 9.987 9.987 9.848 9.848 9.848 10.401 10.401 10.401 9.625 12.953 12.953 9.959 13.309 12.105 12.105 14.193 14.887 14.887 11.956 13.937 13.937 14.323 15.628 15.628 15.794 14.487 14.487 17.064 17.064 18.87 18.745 18.745 18.745 18.851 18.851 18.851 19.234 19.234 16.951 16.951 16.689 16.689 16.689 16.836 16.836 16.836 16.132 16.132 16.132 16.219 16.219 15.816 15.617 18.351 18.351 17.751 16.33 16.33 17.585 15.946 17.351 16.836 15.459 16.836
8.671 10.166 7.961 7.961 8.325 8.325 8.325 8.935 8.224 8.224 8.541 8.541 8.541 8.821 8.821 10.529 10.793 10.618 10.618 9.987 9.987 9.987 9.848 9.848 9.848 10.401 10.401 10.401 9.625 12.953 12.953 12.953 13.309 12.105 12.105 12.946 12.946 14.887 15.228 15.228 15.228 14.323 15.628 15.628 15.794 15.794 15.794 17.064 17.064 18.87 18.745 18.745 18.745 18.851 18.851 18.851 19.234 19.234 16.951 16.951 16.689 16.689 16.689 16.836 16.836 16.836 19.085 19.085 16.132 16.219 15.816 15.816 18.351 18.351 18.351 17.751 17.751 16.33 17.585 15.946 15.946 15.459 16.836 16.836
10.023 10.166 10.166 10.166 10.609 10.609 10.609 8.935 8.935 8.224 8.541 8.541 8.541 8.821 8.821 8.821 10.793 10.618 10.618 10.973 10.973 10.973 10.818 9.848 9.848 10.401 12.565 12.565 12.565 12.953 12.953 12.953 13.309 13.309 12.105 12.946 12.946 14.887 15.228 15.228 15.228 15.628 15.628 15.628 15.794 15.794 15.794 17.064 17.064 21.937 18.745 18.745 18.745 18.851 18.851 18.851 19.234 20.042 18.381 16.951 16.689 19.737 19.737 19.887 19.887 19.887 19.085 19.085 19.085 18.574 15.816 15.816 18.351 18.351 18.351 17.751 16.33 16.33 17.351 15.946 15.946 15.459 15.459 15.459
10.643 11.217 11.217 11.217 10.588 10.588 10.588 9.297 9.297 9.297 8.864 10.587 10.587 10.906 9.151 9.151 11.525 11.34 11.34 11.482 11.482 11.482 11.81 10.778 10.778 12.8 12.8 12.8 12.8 13.605 13.605 13.605 14.555 13.282 13.282 14.133 14.133 14.846 16.398 16.398 16.398 17.057 17.057 17.057 17.114 17.114 17.114 17.725 17.725 17.725 20.36 20.36 20.36 20.481 20.481 20.481 20.685 21.662 19.917 19.917 21.213 21.213 21.213 20.81 20.81 20.81 20.693 20.693 20.693 20.142 20.142 20.142 19.616 19.616 19.616 19.252 17.755 17.755 18.682 17.212 17.212 16.87 16.87 16.87
10.159 11.217 11.217 11.217 10.588 10.588 10.588 10.244 10.244 10.244 10.587 10.587 10.587 10.906 10.906 9.151 11.525 11.525 11.34 11.482 11.482 11.482 11.81 11.81 13.01 12.8 12.8 12.8 12.8 12.381 12.381 12.381 13.282 13.282 13.282 14.133 14.133 14.846 15.05 16.398 16.398 17.057 17.057 17.057 15.743 17.114 17.114 17.725 17.725 17.725 20.36 20.36 20.36 20.481 20.481 20.481 20.481 21.662 19.917 21.662 21.213 21.213 21.213 20.81 20.81 20.81 20.693 20.693 20.004 20.142 20.142 20.142 19.616 19.616 19.616 19.252 17.755 17.512 17.212 18.682 18.682 16.87 18.321 18.321
10.159 10.719 10.149 11.217 10.588 10.588 10.588 11.764 11.764 11.764 10.587 10.587 10.587 10.906 10.906 10.906 11.525 11.525 11.34 11.482 11.482 11.482 11.81 13.01 13.01 12.8 12.8 12.8 12.8 13.605 13.605 13.605 13.282 13.282 14.555 15.442 15.442 16.188 15.05 15.05 15.05 17.057 17.057 15.684 15.743 15.743 17.114 17.725 17.725 17.725 18.488 20.36 20.36 20.481 20.481 20.481 20.481 21.662 21.662 21.662 21.213 21.213 21.213 20.81 20.81 20.81 20.693 20.004 20.004 20.142 20.142 20.142 19.616 19.616 19.616 19.252 17.755 17.512 17.212 17.212 17.212 18.321 18.321 18.321
10.159 10.719 10.719 11.217 10.588 10.588 10.588 11.764 11.764 11.764 10.587 10.587 10.587 10.906 10.906 10.906 11.525 11.525 11.525 11.482 11.669 11.669 12.001 12.001 12.001 11.619 12.8 12.8 12.8 13.605 13.605 13.605 13.282 14.555 14.555 15.442 15.442 15.442 16.398 15.05 15.05 17.057 17.057 15.684 15.743 15.743 17.114 17.634 19.19 19.19 20.084 20.084 25.422 22.174 22.174 22.174 22.174 23.486 23.486 23.486 22.955 22.955 22.955 22.692 22.692 22.692 22.303 21.511 21.511 21.783 21.783 21.783 21.069 21.069 21.069 20.834 20.834 19.264 19.981 19.981 19.981 19.407 19.407 19.407
